WeldID:	2515	WeldType nr:	3	WeldError	0	RincoStatus:	0x0	WeldEnd:	0x4	DisplAfterWeld:0.608	DisplAfterCool:0.660	FrameNumber: 11	StringerNumber: 13	SpotNumber: 04
357117005.000	0.000
357117006.000	32.561
357117015.000	79.480
357117025.000	137.756
357117035.000	189.754
357117046.000	256.301
357117055.000	317.812
357117065.000	368.143
357117076.000	396.864
357117085.000	414.652
357117095.000	430.127
357117106.000	443.978
357117115.000	456.481
357117125.000	466.902
357117135.000	478.772
357117145.000	489.324
357117155.000	500.126
357117165.000	510.300
357117175.000	518.272
357117185.000	527.892
357117195.000	536.392
357117205.000	546.309
357117215.000	554.519
357117225.000	561.763
357117235.000	567.245
357117246.000	571.601
357117255.000	575.936
357117265.000	580.760
357117276.000	586.257
357117285.000	591.123
357117295.000	596.140
357117305.000	600.299
357117315.000	603.918
357117325.000	606.872
357117335.000	610.185
357117345.000	612.132
357117356.000	616.129
357117365.000	619.661
357117375.000	624.558
357117386.000	628.398
357117395.000	632.212
357117405.000	636.448
357117415.000	639.915
357117425.000	644.363
357117435.000	648.931
357117445.000	652.928
357117455.000	656.936
357117465.000	660.193
357117476.000	664.813
357117485.000	668.191
357117496.000	671.510
357117505.000	673.258
357117515.000	673.972
357117526.000	675.216
357117535.000	676.344
357117545.000	677.881
357117555.000	677.738
357117565.000	678.625
357117575.000	679.534
357117585.000	680.776
357117595.000	681.262
357117605.000	681.983
357117615.000	682.734
357117625.000	683.608
357117635.000	683.651
357117646.000	683.761
357117655.000	683.763
357117665.000	684.181
357117676.000	684.233
357117685.000	684.926
357117695.000	684.509
357117705.000	685.472
357117715.000	686.419
357117725.000	688.653
357117735.000	689.640
357117745.000	690.123
357117755.000	690.904
357117765.000	692.832
357117775.000	694.834
357117785.000	695.906
357117795.000	697.425
357117805.000	699.056
357117815.000	702.125
357117826.000	702.105
357117835.000	703.588
357117845.000	705.175
357117856.000	708.851
357117865.000	711.141
357117875.000	711.919
357117885.000	714.348
357117895.000	717.048
357117905.000	720.016
357117915.000	721.520
357117925.000	723.060
357117935.000	726.509
357117945.000	729.740
357117955.000	734.025
357117965.000	735.609
357117975.000	739.082
357117985.000	742.149
357117995.000	746.430
357118005.000	749.215
357118015.000	751.622
357118025.000	755.044
357118035.000	760.295
357118045.000	765.120
357118056.000	767.741
357118065.000	770.546
357118075.000	775.004
357118085.000	778.965
357118095.000	784.718
357118105.000	789.448
357118115.000	796.055
357118125.000	802.350
357118135.000	806.961
357118146.000	809.984
357118155.000	815.088
357118165.000	822.080
357118176.000	829.981
357118185.000	836.050
357118195.000	841.695
357118205.000	847.438
357118215.000	854.387
357118225.000	861.863
357118236.000	868.542
357118245.000	875.443
357118255.000	882.358
357118264.000	891.093
357118275.000	897.892
357118285.000	904.791
357118295.000	912.670
357118305.000	920.665
357118315.000	928.325
357118325.000	934.847
357118335.000	941.700
357118345.000	949.545
357118355.000	957.361
357118365.000	964.507
357118375.000	971.148
357118385.000	977.691
357118395.000	984.781
357118405.000	993.508
357118415.000	999.402
357118425.000	1005.383
357118435.000	1010.615
357118445.000	1017.887
357118455.000	1024.798
357118465.000	1030.600
357118474.000	1037.388
357118485.000	1044.372
357118495.000	1052.169
357118505.000	1059.732
357118515.000	1067.228
357118525.000	1076.847
357118535.000	1084.785
357118545.000	1093.370
357118556.000	1099.121
357118565.000	1107.469
357118575.000	1117.435
357118585.000	1127.431
357118594.000	1135.908
357118605.000	1135.908
357118706.000	0.000
WeldID:	2519	WeldType nr:	3	WeldError	0	RincoStatus:	0x0	WeldEnd:	0x4	DisplAfterWeld:1.120	DisplAfterCool:1.221	FrameNumber: 11	StringerNumber: 13	SpotNumber: 04
357539005.000	0.000
357539006.000	44.881
357539015.000	125.242
357539025.000	243.788
357539035.000	362.034
357539045.000	485.026
357539055.000	613.970
357539065.000	713.305
357539076.000	783.779
357539085.000	823.962
357539095.000	855.909
357539106.000	878.574
357539115.000	895.210
357539125.000	907.814
357539134.000	916.479
357539145.000	927.418
357539155.000	939.652
357539165.000	949.958
357539175.000	953.935
357539186.000	952.769
357539195.000	955.743
357539205.000	959.733
357539215.000	965.106
357539225.000	968.843
357539235.000	979.845
357539245.000	996.126
357539255.000	1011.073
357539265.000	1028.292
357539275.000	1037.172
357539285.000	1050.744
357539295.000	1061.456
357539306.000	1075.694
357539315.000	1091.896
357539325.000	1109.629
357539335.000	1136.784
357539345.000	1167.063
357539355.000	1209.278
357539365.000	1253.431
357539375.000	1307.241
357539385.000	1355.968
357539394.000	1400.943
357539405.000	1440.783
357539415.000	1475.164
357539425.000	1511.053
357539435.000	1550.482
357539446.000	1594.338
357539455.000	1637.371
357539465.000	1682.188
357539475.000	1721.377
357539485.000	1750.974
357539495.000	1769.767
357539505.000	1778.241
357539514.000	1784.759
357539525.000	1795.377
357539535.000	1812.016
357539545.000	1830.912
357539555.000	1849.462
357539565.000	1874.303
357539575.000	1897.090
357539585.000	1912.980
357539596.000	1917.367
357539605.000	1920.209
357539615.000	1918.788
357539625.000	1908.231
357539635.000	1886.412
357539645.000	1852.894
357539656.000	1815.951
357539665.000	1773.789
357539675.000	1727.159
357539685.000	1677.630
357539695.000	1644.933
357539706.000	1626.157
357539715.000	1622.190
357539725.000	1621.316
357539735.000	1626.592
357539745.000	1635.699
357539755.000	1643.509
357539765.000	1655.433
357539775.000	1664.609
357539786.000	1678.142
357539795.000	1689.604
357539805.000	1697.080
357539815.000	1696.568
357539825.000	1688.442
357539835.000	1687.518
357539845.000	1691.260
357539855.000	1701.972
357539865.000	1705.723
357539875.000	1707.830
357539885.000	1709.135
357539896.000	1709.429
357539905.000	1709.610
357539915.000	1706.077
357539925.000	1703.073
357539935.000	1701.254
357539945.000	1700.667
357539955.000	1701.979
357539965.000	1703.284
357539975.000	1709.518
357539985.000	1713.583
357539995.000	1717.765
357540005.000	1719.715
357540015.000	1731.507
357540025.000	1738.187
357540035.000	1736.419
357540044.000	1730.578
357540055.000	1717.071
357540065.000	1699.355
357540075.000	1672.576
357540085.000	1659.214
357540095.000	1650.883
357540105.000	1649.377
357540115.000	1636.396
357540125.000	1611.988
357540135.000	1571.775
357540144.000	1534.027
357540155.000	1515.081
357540165.000	1510.365
357540175.000	1508.529
357540185.000	1514.407
357540195.000	1518.381
357540205.000	1510.075
357540215.000	1492.254
357540225.000	1474.827
357540235.000	1471.814
357540245.000	1474.150
357540255.000	1469.822
357540265.000	1463.808
357540276.000	1449.841
357540285.000	1438.891
357540295.000	1434.550
357540304.000	1434.486
357540315.000	1437.986
357540325.000	1439.542
357540336.000	1442.168
357540345.000	1440.474
357540355.000	1434.707
357540364.000	1423.913
357540375.000	1407.892
357540385.000	1391.326
357540395.000	1373.475
357540405.000	1356.009
357540415.000	1331.509
357540425.000	1307.513
357540435.000	1284.263
357540445.000	1265.206
357540455.000	1243.506
357540465.000	1221.616
357540475.000	1200.890
357540485.000	1178.118
357540495.000	1158.481
357540506.000	1138.185
357540515.000	1122.497
357540525.000	1106.891
357540535.000	1093.106
357540545.000	1076.792
357540555.000	1059.655
357540565.000	1045.520
357540575.000	1033.010
357540585.000	1021.045
357540595.000	1013.398
357540605.000	1013.398
357540706.000	0.000
