WeldID:	3536	WeldType nr:	0	WeldError	0	RincoStatus:	0x0	WeldEnd:	0x4	DisplAfterWeld:0.360	DisplAfterCool:0.510	FrameNumber: 10	StringerNumber: 08	SpotNumber: 01
80944505.000	0.000
80944506.000	47.862
80944514.000	164.586
80944525.000	328.320
80944535.000	494.619
80944544.000	675.177
80944555.000	876.575
80944565.000	1062.697
80944574.000	1210.314
80944585.000	1317.554
80944595.000	1409.933
80944605.000	1495.654
80944615.000	1573.175
80944626.000	1659.616
80944635.000	1726.593
80944645.000	1794.028
80944654.000	1845.181
80944665.000	1892.361
80944675.000	1934.187
80944685.000	1980.023
80944695.000	2015.214
80944705.000	2052.104
80944714.000	2087.149
80944725.000	2127.957
80944735.000	2163.242
80944745.000	2197.709
80944755.000	2225.872
80944765.000	2257.946
80944775.000	2279.863
80944785.000	2302.667
80944795.000	2314.702
80944805.000	2333.590
80944815.000	2347.629
80944825.000	2367.166
80944835.000	2376.995
80944845.000	2385.030
80944854.000	2397.438
80944865.000	2412.356
80944875.000	2420.994
80944885.000	2427.952
80944895.000	2434.406
80944905.000	2446.245
80944915.000	2458.216
80944925.000	2469.129
80944935.000	2471.599
80944946.000	2476.358
80944955.000	2479.559
80944965.000	2487.164
80944974.000	2483.873
80944985.000	2483.263
80944995.000	2481.892
80945005.000	2485.194
80945015.000	2485.120
80945025.000	2481.949
80945035.000	2485.819
80945045.000	2487.796
80945055.000	2486.217
80945065.000	2481.760
80945075.000	2474.502
80945085.000	2471.284
80945095.000	2476.580
80945105.000	2478.513
80945115.000	2480.268
80945125.000	2483.741
80945135.000	2494.407
80945145.000	2498.685
80945155.000	2506.519
80945165.000	2509.025
80945176.000	2522.361
80945185.000	2536.076
80945195.000	2550.707
80945204.000	2559.389
80945215.000	2560.253
80945225.000	2573.986
80945235.000	2577.716
80945245.000	2588.583
80945255.000	2587.509
80945265.000	2596.096
80945275.000	2600.044
80945285.000	2612.280
80945294.000	2616.034
80945305.000	2620.242
80945314.000	2624.466
80945325.000	2634.481
80945335.000	2642.148
80945344.000	2645.762
80945355.000	2648.410
80945365.000	2661.157
80945374.000	2669.427
80945385.000	2683.034
80945396.000	2685.021
80945405.000	2695.891
80945415.000	2703.675
80945424.000	2718.619
80945435.000	2722.845
80945445.000	2729.153
80945455.000	2742.948
80945465.000	2755.888
80945475.000	2766.561
80945485.000	2769.770
80945495.000	2777.493
80945504.000	2784.007
80945515.000	2795.969
80945525.000	2793.615
80945534.000	2799.291
80945545.000	2806.396
80945555.000	2833.340
80945565.000	2841.711
80945575.000	2842.163
80945584.000	2849.143
80945595.000	2850.546
80945605.000	2864.502
80945614.000	2866.134
80945625.000	2869.626
80945635.000	2886.829
80945645.000	2903.719
80945655.000	2912.396
80945664.000	2915.575
80945675.000	2919.325
80945685.000	2934.895
80945694.000	2943.518
80945705.000	2948.378
80945714.000	2947.714
80945725.000	2957.573
80945735.000	2970.046
80945745.000	2979.559
80945755.000	2972.548
80945765.000	2961.930
80945775.000	2957.656
80945785.000	2951.883
80945795.000	2942.185
80945805.000	2930.892
80945815.000	2936.651
80945825.000	2944.626
80945834.000	2949.686
80945845.000	2952.908
80945855.000	2957.854
80945864.000	2966.387
80945875.000	2980.930
80945885.000	2997.810
80945894.000	3014.515
80945905.000	3030.625
80945915.000	3045.568
80945924.000	3051.095
80945935.000	3041.237
80945945.000	3030.270
80945954.000	3030.270
80946056.000	0.000
WeldID:	3537	WeldType nr:	0	WeldError	3	RincoStatus:	0x800	WeldEnd:	0x4	DisplAfterWeld:0.250	DisplAfterCool:0.290	FrameNumber: 10	StringerNumber: 08	SpotNumber: 01
81011505.000	0.000
81011506.000	35.465
81011516.000	177.688
81011525.000	363.048
81011535.000	540.523
81011546.000	719.358
81011555.000	994.104
81011565.000	1274.943
81011574.000	1484.895
81011585.000	1575.067
81011596.000	1632.231
81011605.000	1677.309
81011615.000	1726.519
81011625.000	1779.674
81011635.000	1832.471
81011645.000	1876.355
81011656.000	1924.214
81011665.000	1974.320
81011675.000	2024.815
81011685.000	2070.430
81011695.000	2116.481
81011705.000	2164.743
81011716.000	2216.481
81011725.000	2269.168
81011735.000	2315.768
81011744.000	2359.241
81011755.000	2398.796
81011765.000	2429.825
81011776.000	2464.988
81011785.000	2509.406
81011795.000	2550.088
81011805.000	2591.978
81011815.000	2614.999
81011825.000	2625.863
81011836.000	2629.438
81011845.000	2641.138
81011855.000	2659.762
81011864.000	2683.493
81011875.000	2704.406
81011885.000	2735.560
81011895.000	2761.977
81011906.000	2779.046
81011915.000	2784.251
81011925.000	2789.877
81011936.000	2784.430
81011945.000	2780.250
81011955.000	2753.227
81011965.000	2729.856
81011975.000	2714.526
81011985.000	2715.167
81011995.000	2733.400
81012005.000	2764.291
81012015.000	2816.383
81012025.000	2878.812
81012035.000	2928.126
81012045.000	2953.550
81012054.000	2962.209
81012065.000	2961.328
81012075.000	2947.980
81012085.000	2912.325
81012095.000	2875.663
81012105.000	2856.286
81012116.000	2869.749
81012125.000	2903.461
81012135.000	2946.738
81012145.000	2986.437
81012155.000	3031.900
81012165.000	3078.119
81012174.000	3118.744
81012185.000	3146.487
81012195.000	3161.253
81012205.000	3179.380
81012215.000	3199.503
81012225.000	3212.438
81012236.000	3221.335
81012245.000	3226.188
81012255.000	3239.886
81012265.000	3254.194
81012275.000	3266.491
81012285.000	3274.345
81012295.000	3279.800
81012305.000	3291.207
81012316.000	3298.609
81012325.000	3301.601
81012335.000	3304.624
81012345.000	3307.488
81012355.000	3311.623
81012365.000	3311.623
81012466.000	0.000
