WeldID:	3553	WeldType nr:	1	WeldError	0	RincoStatus:	0x0	WeldEnd:	0x4	DisplAfterWeld:0.140	DisplAfterCool:0.170	FrameNumber: 10	StringerNumber: 17	SpotNumber: 02
83387005.000	0.000
83387006.000	48.657
83387014.000	158.242
83387025.000	301.388
83387035.000	432.225
83387046.000	566.070
83387055.000	707.727
83387065.000	842.009
83387074.000	951.974
83387085.000	1026.905
83387095.000	1088.624
83387105.000	1154.500
83387114.000	1240.917
83387125.000	1311.460
83387135.000	1370.267
83387145.000	1416.674
83387155.000	1467.624
83387165.000	1515.218
83387175.000	1555.822
83387185.000	1592.964
83387195.000	1631.220
83387205.000	1666.144
83387215.000	1706.082
83387226.000	1744.103
83387235.000	1780.899
83387245.000	1813.662
83387255.000	1850.067
83387266.000	1888.121
83387275.000	1922.391
83387285.000	1956.769
83387294.000	1984.831
83387305.000	2017.590
83387315.000	2048.196
83387325.000	2080.923
83387335.000	2107.839
83387345.000	2133.299
83387355.000	2159.993
83387365.000	2182.674
83387375.000	2200.577
83387385.000	2208.064
83387395.000	2219.843
83387405.000	2227.958
83387415.000	2233.744
83387425.000	2239.941
83387434.000	2255.875
83387445.000	2285.855
83387455.000	2320.687
83387465.000	2352.495
83387475.000	2372.803
83387486.000	2391.627
83387494.000	2415.252
83387505.000	2435.688
83387515.000	2451.975
83387524.000	2456.492
83387535.000	2456.418
83387545.000	2458.677
83387554.000	2472.503
83387565.000	2480.137
83387575.000	2471.393
83387584.000	2447.431
83387595.000	2417.784
83387605.000	2406.677
83387615.000	2411.232
83387625.000	2429.659
83387635.000	2449.291
83387644.000	2467.074
83387655.000	2485.744
83387665.000	2488.325
83387675.000	2496.353
83387685.000	2503.514
83387695.000	2505.214
83387704.000	2503.309
83387715.000	2500.158
83387725.000	2510.416
83387734.000	2524.720
83387745.000	2533.275
83387755.000	2535.940
83387765.000	2542.799
83387775.000	2566.351
83387785.000	2593.053
83387794.000	2625.477
83387805.000	2641.257
83387815.000	2663.066
83387825.000	2671.508
83387835.000	2687.512
83387845.000	2675.353
83387855.000	2670.359
83387865.000	2666.467
83387875.000	2685.577
83387885.000	2698.257
83387895.000	2711.620
83387905.000	2722.816
83387915.000	2724.394
83387925.000	2720.432
83387935.000	2711.880
83387944.000	2713.518
83387955.000	2731.632
83387965.000	2755.800
83387975.000	2770.150
83387985.000	2771.302
83387995.000	2760.289
83388004.000	2751.157
83388015.000	2747.793
83388025.000	2744.211
83388035.000	2735.643
83388045.000	2726.215
83388054.000	2717.911
83388065.000	2720.136
83388075.000	2709.300
83388084.000	2704.872
83388095.000	2693.684
83388105.000	2686.665
83388115.000	2660.530
83388125.000	2638.448
83388135.000	2616.597
83388144.000	2613.495
83388155.000	2604.849
83388165.000	2591.875
83388174.000	2579.031
83388185.000	2565.770
83388195.000	2565.139
83388205.000	2547.396
83388215.000	2527.246
83388224.000	2499.075
83388234.000	2478.702
83388245.000	2449.945
83388254.000	2419.103
83388265.000	2383.119
83388275.000	2362.948
83388284.000	2333.191
83388295.000	2308.977
83388305.000	2276.153
83388314.000	2242.780
83388325.000	2213.413
83388335.000	2191.544
83388345.000	2166.190
83388355.000	2131.510
83388365.000	2106.636
83388374.000	2077.611
83388385.000	2057.315
83388395.000	2040.361
83388404.000	2025.133
83388415.000	2014.146
83388425.000	2006.298
83388435.000	2004.527
83388445.000	1988.598
83388455.000	1978.875
83388465.000	1976.591
83388475.000	1974.988
83388485.000	1974.988
83388586.000	0.000
WeldID:	3554	WeldType nr:	1	WeldError	0	RincoStatus:	0x0	WeldEnd:	0x4	DisplAfterWeld:0.390	DisplAfterCool:0.470	FrameNumber: 10	StringerNumber: 17	SpotNumber: 02
83430505.000	0.000
83430506.000	18.664
83430515.000	103.157
83430525.000	243.490
83430535.000	407.934
83430545.000	547.167
83430555.000	641.884
83430565.000	704.112
83430576.000	743.243
83430585.000	775.076
83430595.000	811.909
83430604.000	850.001
83430615.000	885.924
83430625.000	921.830
83430635.000	958.094
83430645.000	998.926
83430655.000	1038.313
83430664.000	1075.608
83430675.000	1109.720
83430685.000	1146.712
83430694.000	1179.601
83430705.000	1209.447
83430715.000	1235.628
83430724.000	1257.009
83430735.000	1279.467
83430745.000	1301.357
83430755.000	1327.543
83430765.000	1349.858
83430776.000	1375.085
83430785.000	1397.591
83430795.000	1425.464
83430804.000	1452.190
83430815.000	1481.205
83430825.000	1514.098
83430834.000	1544.131
83430845.000	1572.902
83430855.000	1599.757
83430865.000	1628.706
83430875.000	1658.464
83430885.000	1688.116
83430895.000	1715.569
83430905.000	1738.119
83430915.000	1763.554
83430925.000	1789.206
83430935.000	1815.028
83430945.000	1835.967
83430954.000	1853.108
83430965.000	1874.825
83430976.000	1894.857
83430985.000	1914.676
83430995.000	1925.981
83431006.000	1939.750
83431015.000	1955.300
83431025.000	1974.571
83431034.000	1989.890
83431045.000	2001.149
83431055.000	2013.028
83431065.000	2025.227
83431075.000	2036.683
83431086.000	2043.050
83431095.000	2046.369
83431105.000	2044.337
83431115.000	2038.887
83431125.000	2031.867
83431135.000	2031.363
83431146.000	2043.806
83431155.000	2070.351
83431165.000	2103.451
83431176.000	2140.347
83431185.000	2178.008
83431195.000	2223.416
83431204.000	2264.469
83431215.000	2296.302
83431225.000	2298.688
83431236.000	2291.143
83431245.000	2281.551
83431255.000	2277.364
83431265.000	2264.667
83431275.000	2258.900
83431285.000	2269.365
83431294.000	2295.885
83431305.000	2326.851
83431315.000	2352.626
83431325.000	2386.350
83431335.000	2422.435
83431345.000	2457.435
83431354.000	2481.518
83431365.000	2494.150
83431375.000	2510.070
83431384.000	2515.094
83431395.000	2516.713
83431405.000	2494.097
83431414.000	2469.466
83431425.000	2436.975
83431435.000	2408.314
83431445.000	2376.512
83431455.000	2333.318
83431465.000	2299.675
83431475.000	2265.698
83431485.000	2240.217
83431495.000	2206.900
83431504.000	2174.630
83431515.000	2145.493
83431525.000	2123.561
83431535.000	2102.947
83431545.000	2070.206
83431555.000	2035.241
83431564.000	2007.602
83431575.000	1976.918
83431585.000	1948.095
83431596.000	1913.290
83431605.000	1885.784
83431615.000	1859.002
83431624.000	1832.322
83431635.000	1799.416
83431645.000	1765.047
83431655.000	1738.099
83431665.000	1713.713
83431675.000	1691.348
83431685.000	1660.943
83431695.000	1633.240
83431705.000	1607.368
83431715.000	1580.841
83431725.000	1553.706
83431735.000	1524.417
83431745.000	1500.058
83431755.000	1474.690
83431765.000	1451.836
83431775.000	1428.164
83431785.000	1418.518
83431795.000	1408.461
83431805.000	1397.317
83431815.000	1379.967
83431825.000	1362.055
83431835.000	1353.912
83431845.000	1347.118
83431855.000	1346.964
83431864.000	1344.931
83431875.000	1343.529
83431885.000	1343.812
83431894.000	1343.671
83431905.000	1342.689
83431915.000	1332.796
83431924.000	1326.663
83431935.000	1324.991
83431945.000	1332.112
83431956.000	1336.366
83431965.000	1332.136
83431975.000	1325.792
83431984.000	1325.792
83432085.000	0.000
WeldID:	3560	WeldType nr:	1	WeldError	0	RincoStatus:	0x0	WeldEnd:	0x4	DisplAfterWeld:0.225	DisplAfterCool:0.320	FrameNumber: 10	StringerNumber: 17	SpotNumber: 02
83892005.000	0.000
83892006.000	18.395
83892014.000	157.247
83892025.000	344.342
83892035.000	544.674
83892044.000	695.276
83892055.000	825.241
83892065.000	926.798
83892074.000	1005.209
83892085.000	1061.552
83892095.000	1116.857
83892105.000	1168.604
83892115.000	1221.145
83892125.000	1274.161
83892135.000	1328.553
83892145.000	1378.290
83892155.000	1428.404
83892165.000	1480.304
83892175.000	1535.655
83892184.000	1588.912
83892195.000	1641.665
83892205.000	1695.199
83892214.000	1751.124
83892225.000	1805.995
83892235.000	1863.582
83892245.000	1917.286
83892255.000	1972.458
83892266.000	2029.474
83892275.000	2087.814
83892285.000	2144.033
83892294.000	2193.680
83892305.000	2241.572
83892315.000	2278.995
83892325.000	2305.198
83892335.000	2320.915
83892345.000	2331.906
83892354.000	2340.771
83892364.000	2343.621
83892375.000	2336.292
83892384.000	2323.004
83892395.000	2309.114
83892405.000	2300.261
83892415.000	2295.878
83892425.000	2289.187
83892435.000	2275.737
83892445.000	2268.957
83892455.000	2263.706
83892464.000	2262.782
83892475.000	2254.664
83892484.000	2253.509
83892495.000	2256.521
83892505.000	2260.301
83892514.000	2266.649
83892525.000	2264.424
83892535.000	2270.200
83892544.000	2272.610
83892555.000	2278.376
83892565.000	2274.295
83892574.000	2269.997
83892585.000	2267.934
83892594.000	2267.958
83892605.000	2268.062
83892615.000	2264.487
83892625.000	2267.753
83892635.000	2272.724
83892644.000	2279.631
83892655.000	2284.156
83892665.000	2283.598
83892674.000	2291.048
83892685.000	2300.688
83892694.000	2313.642
83892705.000	2317.778
83892715.000	2327.871
83892724.000	2341.231
83892735.000	2359.369
83892744.000	2373.444
83892755.000	2387.615
83892765.000	2405.671
83892775.000	2425.185
83892785.000	2442.635
83892795.000	2452.294
83892804.000	2466.047
83892815.000	2482.412
83892825.000	2501.921
83892835.000	2512.787
83892844.000	2523.599
83892855.000	2538.350
83892865.000	2559.469
83892875.000	2575.970
83892885.000	2588.087
83892895.000	2598.622
83892904.000	2617.369
83892915.000	2633.846
83892925.000	2646.404
83892935.000	2652.509
83892945.000	2665.184
83892955.000	2681.315
83892964.000	2695.048
83892974.000	2701.583
83892985.000	2707.551
83892995.000	2716.874
83893004.000	2717.349
83893015.000	2701.720
83893025.000	2687.960
83893035.000	2681.073
83893045.000	2685.879
83893055.000	2678.121
83893064.000	2656.448
83893075.000	2631.031
83893084.000	2616.451
83893096.000	2605.272
83893104.000	2594.864
83893115.000	2570.112
83893124.000	2551.509
83893135.000	2529.519
83893145.000	2512.641
83893154.000	2485.448
83893164.000	2460.744
83893175.000	2441.210
83893184.000	2436.257
83893195.000	2436.787
83893205.000	2436.135
83893214.000	2441.150
83893225.000	2451.913
83893235.000	2464.698
83893245.000	2472.392
83893255.000	2466.956
83893265.000	2468.333
83893274.000	2459.416
83893285.000	2453.634
83893295.000	2430.414
83893304.000	2415.767
83893315.000	2403.971
83893325.000	2395.975
83893334.000	2380.141
83893345.000	2354.872
83893355.000	2341.822
83893364.000	2338.347
83893375.000	2339.023
83893385.000	2325.213
83893394.000	2305.478
83893405.000	2290.152
83893415.000	2273.686
83893425.000	2259.736
83893435.000	2241.298
83893445.000	2229.263
83893454.000	2221.082
83893465.000	2215.075
83893474.000	2191.780
83893484.000	2191.780
83893585.000	0.000
