[1, 1, 2, 0] 2.524639582320207
[1, 1, 3, 0] 1.127601835167795
[1, 2, 1, 0] 1.330867506708296
[1, 2, 2, 0] 2.2414329813256426
[1, 4, 1, 0] 1.7783032596173451
[1, 4, 2, 0] 2.5699765158630803
[1, 4, 3, 0] 3.8940607242022613
[1, 4, 4, 0] 1.537643259391195
[1, 5, 2, 0] 1.6907813036239658
[1, 5, 3, 0] 3.096469982296779
[1, 5, 4, 0] 2.2911961476395604
[1, 5, 5, 0] 3.2451941852420716
[1, 5, 6, 0] 2.2141810320533972
[1, 6, 1, 0] 3.0516782038777235
[1, 6, 2, 0] 1.8552300925382417
[1, 6, 3, 0] 2.0579207740824046
[1, 6, 5, 0] 3.017451751464043
[1, 6, 6, 0] 3.199410527412022
[1, 10, 1, 0] 2.644789634188256
[1, 10, 2, 0] 1.4350591681872558
[1, 10, 4, 0] 2.2520979296388406
[1, 10, 5, 0] 2.396624382780654
[1, 10, 6, 0] 1.375175459686259
[1, 11, 2, 0] 1.5413601126490757
[1, 11, 3, 0] 3.24210009109982
[1, 11, 4, 0] 3.9754069109279584
[1, 11, 5, 0] 0.29584377637981635
[1, 11, 6, 0] 2.576867354173376
[1, 12, 1, 0] 1.9685593671311898
[1, 12, 2, 0] 2.546344100615437
[1, 12, 3, 0] 2.287730513026107
[1, 12, 4, 0] 3.0380726541820193
[1, 12, 5, 0] 2.553505625704387
[1, 12, 6, 0] 2.274360713772263
[1, 13, 1, 0] 1.1288036477295462
[1, 13, 2, 0] 2.325805548916719
[1, 13, 3, 0] 4.924487907652739
[1, 13, 4, 0] 5.178413261226421
[1, 13, 5, 0] 3.038255548365325
[1, 13, 6, 0] 3.481746775133267
[1, 14, 1, 0] 2.179829609635021
[1, 14, 2, 0] 0.9014208994615213
[1, 14, 6, 0] 2.7434668969313516
[1, 15, 1, 0] 1.86145867411915
[1, 15, 2, 0] 0.8065436425016793
[1, 15, 3, 0] 3.9615492562819448
[1, 15, 4, 0] 2.4293363818443034
[1, 15, 5, 0] 2.8476431771632975
[1, 15, 6, 0] 1.5425410211288044
[1, 16, 1, 0] 1.9739730269439306
[1, 16, 2, 0] 2.3059610467257867
[1, 16, 3, 0] 3.053647014193418
[1, 16, 4, 0] 4.009357693825592
[1, 16, 5, 0] 2.7377945823580507
[1, 16, 6, 0] 2.524930035699817
[1, 17, 1, 0] 0.5267616724650138
[1, 17, 2, 0] 1.4765334657080385
[1, 17, 3, 0] 2.0873629473635327
[1, 17, 4, 0] 3.974472480123445
[1, 17, 5, 0] 2.069291934441647
[1, 17, 6, 0] 2.8967129301032286
[1, 18, 4, 0] 2.1296645373107403
[1, 18, 5, 0] 2.6705970904363676
[1, 18, 6, 0] 1.5245369567243299
[1, 19, 2, 0] 0.7525268256733451
[1, 19, 4, 0] 1.88805204466143
[1, 19, 5, 0] 1.7888275979250956
[1, 19, 6, 0] 0.9785427477137003
[1, 20, 1, 0] 1.3948024101277727
[1, 20, 2, 0] 2.1780989264721113
[1, 20, 3, 0] 1.5393125318435457
[1, 20, 4, 0] 1.5792777278222787
[1, 20, 5, 0] 1.2840606870626647
[1, 20, 6, 0] 2.238686237754961
[1, 21, 1, 0] 1.8841988611480724
[1, 21, 2, 0] 5.963316456896321
[1, 21, 3, 0] 1.0808121344517312
[1, 21, 4, 0] 1.1173253965417267
[1, 21, 5, 0] 1.2983573928076648
[1, 21, 6, 0] 1.5949514214930491
[1, 24, 1, 0] 2.0340176956784752
[1, 24, 2, 0] 2.251209577161636
[1, 24, 3, 0] 1.5413154049779736
[1, 24, 4, 0] 1.6526295996981326
[1, 24, 5, 0] 0.7168509796078564
[1, 24, 6, 0] 1.105513095806609
[1, 25, 1, 0] 0.8490649299183843
[1, 25, 2, 0] 1.146255244920473
[1, 27, 1, 0] 0.6909301760869968
[1, 27, 2, 0] 1.6124069339957134
[2, 1, 1, 0] 2.933115901194115
[2, 2, 1, 0] 6.67785497876711
[2, 2, 2, 0] 1.6798842479239653
[2, 4, 1, 0] 1.3714766516875516
[2, 4, 2, 0] 2.1489232688660596
[2, 4, 3, 0] 1.4003577072009818
[2, 4, 4, 0] 1.6521017241817288
[2, 4, 5, 0] 2.5376287614398554
[2, 4, 6, 0] 1.5920696078658743
[2, 5, 1, 0] 0.0
[2, 5, 2, 0] 0.6757627428358564
[2, 5, 3, 0] 1.2083284516874433
[2, 5, 4, 0] 1.5079281739338672
[2, 5, 5, 0] 2.839472663296711
[2, 5, 6, 0] 1.494685908391428
[2, 6, 1, 0] 1.929710472557497
[2, 6, 2, 0] 1.6830951808839112
[2, 6, 3, 0] 2.2560442566691137
[2, 6, 4, 0] 1.2359463036711216
[2, 6, 5, 0] 2.0023027112131557
[2, 6, 6, 0] 1.379788189114062
[2, 7, 1, 0] 2.239470342001334
[2, 7, 2, 0] 1.572721194720834
[2, 7, 3, 0] 0.8989337604253684
[2, 7, 4, 0] 0.8924020558380108
[2, 7, 5, 0] 1.2974170000916234
[2, 7, 6, 0] 1.013162573018676
[2, 10, 1, 0] 1.0894736956422626
[2, 10, 2, 0] 1.5102771385948046
[2, 10, 3, 0] 2.6229700240471416
[2, 10, 4, 0] 2.917839061238534
[2, 10, 5, 0] 2.0425519722975323
[2, 10, 6, 0] 1.3848740722561619
[2, 11, 1, 0] 1.4927025282791906
[2, 11, 2, 0] 1.403354417945848
[2, 11, 3, 0] 1.1193583631676676
[2, 11, 4, 0] 3.6558360620605828
[2, 11, 5, 0] 1.873305048651403
[2, 11, 6, 0] 1.0878439835504528
[2, 12, 1, 0] 1.781385981845426
[2, 12, 2, 0] 2.208767874233119
[2, 12, 3, 0] 1.8266725874953735
[2, 12, 4, 0] 1.48431678426571
[2, 12, 5, 0] 2.7948230179363334
[2, 12, 6, 0] 3.2480025381557214
[2, 13, 1, 0] 1.0269636141995895
[2, 13, 2, 0] 1.0244120017501268
[2, 13, 3, 0] 1.736060002322
[2, 13, 4, 0] 0.819882033519932
[2, 13, 5, 0] 2.262226737170505
[2, 13, 6, 0] 2.587185066631089
[2, 14, 1, 0] 2.6704455303122194
[2, 14, 2, 0] 2.3493521273071485
[2, 14, 3, 0] 1.6362634012753252
[2, 14, 5, 0] 1.9044511272303266
[2, 15, 1, 0] 1.8112915543885069
[2, 15, 2, 0] 1.7055758274829003
[2, 15, 3, 0] 1.8149808641673932
[2, 15, 4, 0] 1.5078409701794429
[2, 15, 5, 0] 1.5145424482313754
[2, 15, 6, 0] 2.651137638188742
[2, 16, 1, 0] 2.331605799086395
[2, 16, 2, 0] 0.6321657732511002
[2, 16, 3, 0] 1.8372104291153613
[2, 16, 4, 0] 1.825716083961229
[2, 16, 5, 0] 1.7813653533791836
[2, 16, 6, 0] 2.184404461583114
[2, 17, 1, 0] 2.205549839883969
[2, 17, 2, 0] 3.0521434559223417
[2, 17, 3, 0] 0.8815141975102061
[2, 17, 4, 0] 2.246068371714384
[2, 17, 5, 0] 0.929629805625895
[2, 17, 6, 0] 2.3563906927280813
[2, 18, 1, 0] 3.3361416845460896
[2, 18, 2, 0] 1.6692495295223106
[2, 18, 3, 0] 2.1169439486241024
[2, 18, 4, 0] 2.0046505114901927
[2, 18, 5, 0] 0.845483875260111
[2, 18, 6, 0] 1.58409931624409
[2, 19, 1, 0] 1.4929078623645213
[2, 19, 2, 0] 1.3776588806019154
[2, 19, 3, 0] 1.394583972054375
[2, 19, 4, 0] 1.9126963263239918
[2, 19, 5, 0] 3.009586915399823
[2, 19, 6, 0] 1.2311702909705118
[2, 20, 1, 0] 1.397135152374652
[2, 20, 2, 0] 1.3295422947845885
[2, 20, 3, 0] 2.488913298351949
[2, 20, 4, 0] 2.192619186598569
[2, 20, 5, 0] 2.151757497000226
[2, 20, 6, 0] 1.4245305971218543
[2, 21, 1, 0] 1.9351474047941333
[2, 21, 2, 0] 1.906133337076779
[2, 21, 3, 0] 1.5535007290495781
[2, 21, 4, 0] 1.5809768945938165
[2, 21, 5, 0] 1.9142143406229823
[2, 21, 6, 0] 1.3129380478440387
[2, 22, 1, 0] 2.1013515321553626
[2, 22, 2, 0] 2.006603667661824
[2, 22, 3, 0] 1.7844811012244202
[2, 22, 4, 0] 1.4553209387902812
[2, 22, 5, 0] 2.0792091638565617
[2, 22, 6, 0] 1.7064629403157585
[2, 23, 1, 0] 0.7081212767422199
[2, 23, 2, 0] 2.877280185696062
[2, 23, 3, 0] 1.343458095036388
[2, 23, 4, 0] 1.5135121208595217
[2, 23, 5, 0] 3.331458584029261
[2, 23, 6, 0] 2.0033842981307295
[2, 26, 3, 0] 1.3711837054228573
[2, 26, 4, 0] 2.505237732201236
[2, 26, 5, 0] 1.8356246761917938
[2, 26, 6, 0] 0.8704708855979552
[2, 27, 1, 0] 3.7150244072497913
[2, 27, 2, 0] 2.2429135756691134
[3, 4, 1, 0] 0.1221287695027957
[3, 4, 2, 0] 1.8612985480028352
[3, 4, 5, 0] 2.02838022194824
[3, 4, 6, 0] 1.5518359439462253
[3, 5, 1, 0] 1.0358756047213675
[3, 5, 2, 0] 2.6384324372331243
[3, 5, 3, 0] 1.0982079372943256
[3, 5, 4, 0] 2.113646143852507
[3, 5, 5, 0] 2.815604367562345
[3, 5, 6, 0] 2.215822705651514
[3, 6, 1, 0] 1.8201146978790783
[3, 6, 2, 0] 4.498405231640676
[3, 6, 3, 0] 3.0806290074196134
[3, 6, 4, 0] 2.1105715306628214
[3, 6, 5, 0] 2.3054121182857448
[3, 6, 6, 0] 1.6593472477172562
[3, 7, 1, 0] 0.17383818521738845
[3, 7, 5, 0] 2.9055998790027178
[3, 7, 6, 0] 3.8400957946739904
[3, 10, 1, 0] 0.7056591374502581
[3, 10, 5, 0] 2.390456724344656
[3, 10, 6, 0] 1.30265286410739
[3, 11, 1, 0] 2.535793815882983
[3, 11, 2, 0] 0.5126682777179474
[3, 11, 3, 0] 1.852500459764422
[3, 11, 4, 0] 2.192799029484909
[3, 11, 5, 0] 2.8047058336216137
[3, 11, 6, 0] 1.4482147938184742
[3, 12, 1, 0] 2.525549721412703
[3, 12, 2, 0] 1.5304217137664744
[3, 12, 4, 0] 2.4009163951811243
[3, 12, 5, 0] 1.4327781757634395
[3, 12, 6, 0] 3.036498674402268
[3, 13, 6, 0] 3.3737929241876827
[3, 14, 1, 0] 4.765381779685323
[3, 14, 2, 0] 0.34728008820024703
[3, 14, 3, 0] 3.368307783538159
[3, 14, 4, 0] 3.0642666716077227
[3, 14, 5, 0] 3.5210821651737256
[3, 14, 6, 0] 2.4135155625933766
[3, 15, 1, 0] 2.280735959320397
[3, 15, 2, 0] 3.124129021590705
[3, 15, 4, 0] 1.5836654095980798
[3, 15, 5, 0] 1.1623783293718102
[3, 15, 6, 0] 1.9589715943492456
[3, 16, 1, 0] 1.984807068863654
[3, 16, 2, 0] 1.3277044629406072
[3, 16, 3, 0] 2.2740758859990633
[3, 16, 4, 0] 4.349554952029499
[3, 16, 5, 0] 2.4774872348507224
[3, 16, 6, 0] 2.4792489039358694
[3, 17, 1, 0] 3.5189297660551264
[3, 17, 2, 0] 1.2777774996174165
[3, 17, 5, 0] 2.324279620884211
[3, 17, 6, 0] 1.3263286780645946
[3, 18, 1, 0] 0.6937393357503537
[3, 18, 2, 0] 3.7445211690485674
[3, 18, 3, 0] 1.5813544593081392
[3, 18, 4, 0] 1.7035937268855086
[3, 18, 5, 0] 2.238612138759661
[3, 18, 6, 0] 1.7908831100614264
[3, 19, 1, 0] 1.0063210708316148
[3, 19, 2, 0] 3.074124924711233
[3, 19, 3, 0] 1.9088241720865122
[3, 19, 4, 0] 1.9785923073369438
[3, 19, 5, 0] 2.8281253579425885
[3, 19, 6, 0] 1.5550839905722909
[3, 22, 1, 0] 2.1361105499897164
[3, 22, 2, 0] 1.013279921052226
[3, 22, 3, 0] 3.039854628207961
[3, 22, 4, 0] 1.5310380666312395
[3, 22, 5, 0] 1.0993393065705934
[3, 22, 6, 0] 1.9825166809134083
[3, 23, 1, 0] 1.1828643378536283
[3, 23, 2, 0] 0.6525345945481356
[3, 23, 3, 0] 2.063097908156816
[3, 23, 4, 0] 2.746605710051457
[3, 23, 5, 0] 2.1932064704413587
[3, 23, 6, 0] 1.399406243895099
[3, 24, 1, 0] 0.9834063914359523
[3, 24, 2, 0] 0.823457732829696
[3, 24, 3, 0] 1.7558505042228414
[3, 24, 4, 0] 1.6006194578121333
[3, 24, 5, 0] 2.3098732643676247
[3, 24, 6, 0] 1.2011843066738765
[3, 25, 1, 0] 1.5392807705440406
[3, 25, 2, 0] 1.168576469898039
[3, 25, 3, 0] 2.2626279016676936
[3, 25, 4, 0] 1.8535452572494773
[3, 25, 5, 0] 2.5886725278360694
[3, 25, 6, 0] 3.0197800290191976
[4, 5, 2, 0] 2.5153460648449557
[4, 5, 3, 0] 1.1997231477387884
[4, 5, 4, 0] 1.3181184191176016
[4, 5, 6, 0] 3.950493476042406
[4, 6, 1, 0] 0.49553521798489736
[4, 6, 6, 0] 2.521483314364056
[4, 10, 1, 0] 1.3023280018103556
[4, 10, 2, 0] 4.073544490919281
[4, 10, 5, 0] 2.757216001942077
[4, 10, 6, 0] 3.99896041113374
[4, 11, 1, 0] 1.244533945975985
[4, 11, 2, 0] 2.640775068162624
[4, 11, 3, 0] 2.470366738354304
[4, 11, 4, 0] 0.656488340523859
[4, 11, 5, 0] 1.9264170875082267
[4, 11, 6, 0] 3.3178554702492704
[4, 13, 1, 0] 1.4335096233993034
[4, 13, 3, 0] 3.26604128005514
[4, 13, 4, 0] 2.0813352207574116
[4, 13, 6, 0] 1.7455155491673167
[4, 14, 1, 0] 4.299481742342524
[4, 14, 2, 0] 2.5760780195904958
[4, 14, 4, 0] 2.458228196830754
[4, 14, 5, 0] 2.31947165570539
[4, 14, 6, 0] 1.9577468381074157
[4, 15, 1, 0] 1.57386595500576
[4, 15, 2, 0] 3.630846808256105
[4, 15, 3, 0] 2.0563379908428523
[4, 15, 4, 0] 1.6252861619504286
[4, 15, 5, 0] 3.5958186540043227
[4, 15, 6, 0] 3.2849288257067633
[4, 16, 1, 0] 2.4095168355576755
[4, 16, 2, 0] 3.0209551203135376
[4, 16, 3, 0] 4.164848869612294
[4, 16, 4, 0] 3.5554663171075758
[4, 16, 5, 0] 5.584361910910083
[4, 16, 6, 0] 3.9308290556959506
[4, 17, 1, 0] 2.5896652237607456
[4, 17, 2, 0] 2.003076188598079
[4, 17, 3, 0] 2.911469025808303
[4, 17, 4, 0] 3.794400383287707
[4, 17, 5, 0] 2.1058032457256224
[4, 17, 6, 0] 3.330180163045287
[4, 18, 1, 0] 2.406739761856683
[4, 18, 2, 0] 3.7809192098009796
[4, 18, 3, 0] 3.060050150176308
[4, 18, 4, 0] 2.3808714762864174
[4, 18, 5, 0] 2.817319800687746
[4, 18, 6, 0] 1.2750357732195423
[4, 19, 1, 0] 1.0801101597999165
[4, 19, 2, 0] 2.68572369328526
[4, 19, 3, 0] 1.8883176881442467
[4, 19, 4, 0] 0.8312406132831692
[4, 19, 5, 0] 2.9366678766620224
[4, 19, 6, 0] 1.6165156824433828
[4, 22, 1, 0] 1.9972429708926212
[4, 22, 2, 0] 1.3081719605768953
[4, 22, 3, 0] 0.666279338529378
[4, 22, 4, 0] 2.7766438086766194
[4, 22, 5, 0] 1.436499131814152
[4, 22, 6, 0] 2.247455363064354
[4, 24, 1, 0] 1.9766812345880627
[4, 24, 2, 0] 2.3145679976526883
[4, 24, 3, 0] 1.4861104040156266
[4, 24, 4, 0] 4.161624383371091
[4, 24, 5, 0] 1.6640401095702841
[4, 24, 6, 0] 2.013402718828012
[4, 25, 1, 0] 2.7416248360670488
[4, 25, 2, 0] 1.0522754752465762
[4, 25, 3, 0] 1.8954260421017088
[4, 25, 4, 0] 2.6731095281775312
[4, 25, 5, 0] 2.340625977974068
[4, 25, 6, 0] 2.6266524253984103
[5, 1, 1, 0] 1.4396623497561154
[5, 1, 2, 0] 1.3200423821832667
[5, 1, 3, 0] 1.7097981851302337
[5, 1, 4, 0] 1.5173851537774308
[5, 1, 5, 0] 1.9339653129748136
[5, 1, 6, 0] 2.2990900732045962
[5, 2, 1, 0] 1.2271197699684055
[5, 2, 2, 0] 1.7611514608330285
[5, 2, 3, 0] 1.1827905316863945
[5, 2, 4, 0] 0.9778436026739669
[5, 2, 5, 0] 2.526637411184709
[5, 2, 6, 0] 1.3548276946072473
[5, 3, 2, 0] 1.8716493960533414
[5, 3, 3, 0] 1.1355555733626486
[5, 3, 4, 0] 1.0541492450750494
[5, 3, 5, 0] 1.3018731148742653
[5, 3, 6, 0] 2.512799476686677
[5, 6, 1, 0] 2.002778815365264
[5, 6, 2, 0] 2.003796775786087
[5, 7, 1, 0] 1.0256303866772456
[5, 7, 2, 0] 3.0314694117487
[5, 7, 3, 0] 1.2770859937974737
[5, 7, 4, 0] 1.49706443425987
[5, 7, 5, 0] 1.7353825605144753
[5, 7, 6, 0] 2.6905141246063558
[5, 10, 1, 0] 2.046449628382781
[5, 10, 2, 0] 1.9281768410315576
[5, 10, 3, 0] 1.3630155351966164
[5, 10, 4, 0] 1.9007120620398636
[5, 10, 5, 0] 2.065398801794674
[5, 10, 6, 0] 1.4726338108517796
[5, 11, 1, 0] 1.640874470094907
[5, 11, 2, 0] 1.7792769807912536
[5, 11, 3, 0] 2.2647962458737374
[5, 11, 4, 0] 1.4859912346504554
[5, 11, 5, 0] 1.4104158692181306
[5, 11, 6, 0] 2.255313356667757
[5, 12, 1, 0] 0.5651591977067263
[5, 12, 2, 0] 1.7554323909743395
[5, 12, 3, 0] 2.907775377948265
[5, 12, 4, 0] 1.1726276046543975
[5, 12, 5, 0] 2.5134251414217426
[5, 12, 6, 0] 1.8508270567662013
[5, 14, 1, 0] 0.8633427603865494
[5, 14, 2, 0] 1.4786122565910664
[5, 14, 3, 0] 1.7212987669475184
[5, 14, 4, 0] 2.00073080915248
[5, 14, 5, 0] 1.93070922761812
[5, 14, 6, 0] 1.7979917959963747
[5, 15, 1, 0] 1.5694438884287687
[5, 15, 2, 0] 2.768231209064935
[5, 15, 3, 0] 1.9356420143544653
[5, 15, 4, 0] 1.4852648712135244
[5, 15, 5, 0] 2.5469738317841255
[5, 15, 6, 0] 1.7784043131593097
[5, 16, 1, 0] 2.9451596466504144
[5, 16, 2, 0] 3.2858166106505027
[5, 16, 3, 0] 2.804508890187977
[5, 16, 4, 0] 0.8564808821731777
[5, 16, 5, 0] 4.293681206343729
[5, 16, 6, 0] 2.9269939550548343
[5, 17, 1, 0] 2.268171289208897
[5, 17, 4, 0] 1.6993757725306549
[5, 17, 5, 0] 1.0585152953345371
[5, 17, 6, 0] 1.8726674117829882
[5, 18, 1, 0] 1.704826050008529
[5, 18, 2, 0] 3.38865083532111
[5, 18, 3, 0] 1.8726995123009027
[5, 18, 4, 0] 2.353911410944652
[5, 18, 5, 0] 2.2027904966562457
[5, 18, 6, 0] 3.115332837604061
[5, 22, 1, 0] 2.2021677121098127
[5, 22, 2, 0] 2.0725151682816176
[5, 22, 3, 0] 2.242926068282166
[5, 22, 4, 0] 2.3256394449111033
[5, 22, 5, 0] 2.5205001618451863
[5, 22, 6, 0] 0.9697247428506756
[5, 24, 2, 0] 0.958756971218156
[5, 24, 3, 0] 0.628766743804856
[5, 24, 4, 0] 1.7814106588451628
[5, 24, 5, 0] 1.637873975411527
[5, 24, 6, 0] 0.794601888925741
[5, 25, 1, 0] 1.9290489806719218
[5, 25, 2, 0] 0.6545451423438079
[5, 25, 5, 0] 1.1423694288120514
[5, 25, 6, 0] 1.0048077741061017
[6, 1, 1, 0] 1.3219356775851951
[6, 1, 2, 0] 3.190932244273695
[6, 1, 3, 0] 1.5080390609343057
[6, 1, 4, 0] 2.764046503892225
[6, 1, 5, 0] 1.183778703156387
[6, 1, 6, 0] 0.6384580036155715
[6, 4, 1, 0] 2.819521106595619
[6, 4, 2, 0] 1.186188880912458
[6, 4, 3, 0] 1.3517914075599249
[6, 4, 4, 0] 1.7851991675504295
[6, 4, 5, 0] 1.575630221096588
[6, 4, 6, 0] 0.9668798513053197
[6, 5, 1, 0] 1.76801756327699
[6, 6, 1, 0] 1.1174655262644524
[6, 6, 2, 0] 1.205223145421738
[6, 6, 3, 0] 1.1575021254201239
[6, 6, 4, 0] 2.9811272558928277
[6, 6, 5, 0] 1.174895463678137
[6, 6, 6, 0] 1.730235448460121
[6, 7, 1, 0] 1.9914876941182849
[6, 10, 1, 0] 0.8037931147910056
[6, 10, 2, 0] 2.749053601535193
[6, 10, 3, 0] 2.7822953619787736
[6, 10, 5, 0] 1.3497151609429772
[6, 10, 6, 0] 2.567382319036865
[6, 11, 1, 0] 1.8911503799015095
[6, 11, 4, 0] 1.3459169935958208
[6, 11, 5, 0] 0.7218135743034032
[6, 11, 6, 0] 2.8187523697027492
[6, 12, 1, 0] 1.9709500423989903
[6, 12, 2, 0] 2.044004788760765
[6, 12, 3, 0] 2.265781399562799
[6, 12, 4, 0] 2.521375432694384
[6, 12, 5, 0] 1.6690672812117235
[6, 12, 6, 0] 1.1408238232427839
[6, 13, 1, 0] 2.0950367408982067
[6, 13, 2, 0] 2.248578281995742
[6, 13, 4, 0] 3.177442134970693
[6, 13, 5, 0] 1.2178602670855245
[6, 13, 6, 0] 2.810315794182556
[6, 14, 2, 0] 4.53751741136095
[6, 14, 3, 0] 3.0945811009765483
[6, 14, 4, 0] 3.139913823575769
[6, 14, 5, 0] 3.378148379832036
[6, 14, 6, 0] 1.9225424568990162
[6, 15, 1, 0] 1.3786752830916087
[6, 15, 2, 0] 3.288850618802993
[6, 15, 3, 0] 1.0260683149267955
[6, 15, 4, 0] 2.9802127101642997
[6, 15, 5, 0] 1.7079973787885503
[6, 15, 6, 0] 3.346061994112391
[6, 16, 1, 0] 2.3133972727879883
[6, 16, 2, 0] 1.5799384000667742
[6, 16, 3, 0] 1.3405341580816548
[6, 16, 4, 0] 0.30753899216895114
[6, 16, 6, 0] 3.5045156015812253
[6, 17, 1, 0] 0.9158152738841818
[6, 17, 2, 0] 3.7565414533120993
[6, 17, 3, 0] 2.6184212276855825
[6, 17, 4, 0] 4.7362482334326925
[6, 17, 5, 0] 2.3388127531684866
[6, 17, 6, 0] 3.15683547589225
[6, 18, 1, 0] 2.1394319578903684
[6, 19, 1, 0] 2.21810654622183
[6, 19, 5, 0] 2.2049714219610443
[6, 19, 6, 0] 2.1029155892559164
[6, 22, 1, 0] 2.202839319329115
[6, 22, 2, 0] 1.7886169950328685
[6, 22, 3, 0] 1.801518199063541
[6, 22, 4, 0] 3.0216004249084834
[6, 22, 5, 0] 2.1781738850464825
[6, 22, 6, 0] 1.737564663052427
[7, 1, 1, 0] 2.623642871372741
[7, 1, 2, 0] 2.154259068266526
[7, 1, 3, 0] 2.2423586775121995
[7, 1, 4, 0] 2.569430796258573
[7, 1, 5, 0] 0.8551636672995716
[7, 1, 6, 0] 1.2625096554282687
[7, 2, 1, 0] 2.2514116131660513
[7, 3, 1, 0] 1.7590601972453435
[7, 3, 2, 0] 2.512196012426514
[7, 3, 3, 0] 2.362954239511729
[7, 3, 4, 0] 1.626482747332515
[7, 3, 5, 0] 1.3393954434916489
[7, 3, 6, 0] 1.3371406954945195
[7, 4, 1, 0] 1.044834777114512
[7, 4, 2, 0] 1.7474552417289715
[7, 4, 3, 0] 1.6734498179794868
[7, 4, 4, 0] 1.6288044150408791
[7, 4, 5, 0] 2.502363613176333
[7, 4, 6, 0] 3.5147589764716516
[7, 5, 1, 0] 3.5125480665615747
[7, 5, 2, 0] 2.595857503991093
[7, 5, 3, 0] 3.3806574811951995
[7, 5, 4, 0] 1.6592368407432156
[7, 5, 5, 0] 1.375244787437767
[7, 5, 6, 0] 1.8989183670101142
[7, 6, 1, 0] 2.02001930179186
[7, 6, 2, 0] 0.9904945326042639
[7, 6, 3, 0] 3.636650903350013
[7, 6, 4, 0] 2.5664839973276132
[7, 7, 1, 0] 2.646152991811303
[7, 7, 2, 0] 3.1092913214712934
[7, 7, 3, 0] 2.565910976644117
[7, 7, 4, 0] 4.86390530847704
[7, 7, 5, 0] 2.1794099457189957
[7, 7, 6, 0] 3.3759236757314777
[7, 8, 2, 0] 2.401651212547626
[7, 8, 4, 0] 3.479636720946737
[7, 8, 5, 0] 1.8672672884449568
[7, 8, 6, 0] 1.381625009359066
[7, 9, 1, 0] 3.753936854406035
[7, 9, 2, 0] 2.583409695660609
[7, 9, 3, 0] 1.7326466528370414
[7, 9, 4, 0] 2.158537916875049
[7, 9, 5, 0] 1.965513362886428
[7, 9, 6, 0] 0.3770088269730678
[7, 10, 1, 0] 2.784303886457294
[7, 10, 2, 0] 1.5443442950704867
[7, 10, 3, 0] 1.636656137114592
[7, 10, 4, 0] 1.299949755365094
[7, 10, 5, 0] 2.2531989896728817
[7, 10, 6, 0] 1.1781362429502655
[7, 11, 1, 0] 1.8470879299927385
[7, 11, 2, 0] 1.320040584629636
[7, 12, 1, 0] 1.0576647836782171
[7, 12, 2, 0] 2.3127207631435605
[7, 12, 3, 0] 1.2392503990852568
[7, 15, 1, 0] 1.8327892535513404
[7, 15, 2, 0] 1.2238578914953038
[7, 15, 4, 0] 2.6534824316815087
[7, 15, 5, 0] 1.352551866653332
[7, 15, 6, 0] 1.3139826831814836
[7, 16, 1, 0] 1.978401825163386
[7, 16, 2, 0] 2.4059848269689277
[7, 16, 3, 0] 0.9728600981384387
[7, 16, 4, 0] 2.3120984327685346
[7, 16, 5, 0] 1.3799815354032614
[7, 16, 6, 0] 1.2918725500017758
[7, 17, 1, 0] 1.3427241619025676
[7, 17, 2, 0] 1.1691765415285706
[7, 17, 4, 0] 2.1525306963613895
[7, 17, 5, 0] 1.2383916556998507
[7, 17, 6, 0] 1.0204947227315488
[8, 3, 1, 0] 1.2033516216457245
[8, 3, 2, 0] 2.3550573367268517
[8, 3, 3, 0] 1.5870481525984117
[8, 3, 4, 0] 1.39829280346374
[8, 3, 5, 0] 1.410558037203776
[8, 3, 6, 0] 4.544976057403387
[8, 4, 1, 0] 1.3758320107270503
[8, 4, 2, 0] 2.735370497405921
[8, 4, 3, 0] 2.378612899790698
[8, 4, 4, 0] 1.266765664060542
[8, 4, 5, 0] 2.2348910801133917
[8, 5, 1, 0] 2.099888724270522
[8, 5, 3, 0] 3.6846061571990703
[8, 5, 4, 0] 3.08726403511882
[8, 5, 5, 0] 3.295737078752315
[8, 5, 6, 0] 2.868754096097776
[8, 6, 1, 0] 2.8750661812110603
[8, 6, 2, 0] 4.370092066042746
[8, 6, 4, 0] 2.563219002748687
[8, 6, 5, 0] 2.191340782651077
[8, 7, 1, 0] 0.6104092861918047
[8, 7, 2, 0] 3.04499900501978
[8, 7, 3, 0] 1.156503824409674
[8, 7, 5, 0] 1.9338894095819572
[8, 8, 1, 0] 2.5315174620279866
[8, 8, 2, 0] 1.2462885529861991
[8, 8, 3, 0] 3.235286432476907
[8, 8, 4, 0] 3.208903738624308
[8, 8, 5, 0] 2.575697500671976
[8, 8, 6, 0] 2.7503952736503754
[8, 9, 1, 0] 3.622992504498851
[8, 9, 2, 0] 1.633670706336627
[8, 9, 3, 0] 2.2567039277453977
[8, 9, 4, 0] 2.202290539473999
[8, 9, 5, 0] 2.195242827873814
[8, 9, 6, 0] 1.949044024822685
[8, 10, 1, 0] 1.3251951949670164
[8, 10, 2, 0] 3.311636811884197
[8, 10, 3, 0] 1.942349051311904
[8, 10, 4, 0] 1.788236815501595
[8, 10, 5, 0] 3.085987729998426
[8, 10, 6, 0] 2.8391723181282007
[8, 11, 1, 0] 2.669525696850947
[8, 11, 2, 0] 1.6083136151447945
[8, 11, 3, 0] 3.3882612149258606
[8, 11, 4, 0] 0.7131238987597026
[8, 11, 5, 0] 2.8894745412609057
[8, 11, 6, 0] 3.4493335720072085
[8, 15, 1, 0] 1.5853255665745665
[8, 15, 2, 0] 1.7532007006030776
[8, 15, 3, 0] 3.400489425714165
[8, 15, 4, 0] 0.7435362926374238
[8, 15, 5, 0] 2.0281458443148987
[8, 15, 6, 0] 1.158449345704175
[8, 16, 1, 0] 0.899872102083857
[8, 16, 2, 0] 1.8599226993260378
[8, 16, 3, 0] 2.32404775765944
[8, 16, 4, 0] 2.3986031386852247
[8, 16, 5, 0] 0.945635463181986
[8, 16, 6, 0] 2.7537126655853745
[8, 17, 1, 0] 1.9856206385550608
[8, 17, 2, 0] 1.8725316671727275
[8, 17, 3, 0] 1.687194068583775
[8, 17, 4, 0] 1.704562926877852
[8, 17, 5, 0] 0.8534461023878502
[8, 17, 6, 0] 1.0819010509148954
[8, 18, 1, 0] 1.4868814278311004
[8, 18, 2, 0] 1.5753257798433133
[8, 18, 3, 0] 0.6478615604141654
[8, 18, 4, 0] 2.4550116794109758
[8, 18, 5, 0] 0.8582664508963668
[8, 18, 6, 0] 0.9443655989598111
[9, 3, 1, 0] 1.3077574133828938
[9, 3, 2, 0] 2.8374668461929002
[9, 3, 3, 0] 2.732289873929002
[9, 3, 4, 0] 4.773915753054812
[9, 3, 5, 0] 1.429087071616462
[9, 3, 6, 0] 2.675588338973862
[9, 4, 1, 0] 0.8916307920802272
[9, 4, 2, 0] 1.9561439028132113
[9, 4, 3, 0] 0.9959041501729119
[9, 4, 4, 0] 1.9931905450688348
[9, 4, 5, 0] 2.881937244722882
[9, 4, 6, 0] 4.461000035503127
[9, 5, 1, 0] 1.7152298552977676
[9, 5, 2, 0] 2.6453139317916485
[9, 5, 3, 0] 1.87415589469479
[9, 5, 4, 0] 2.8535660408726193
[9, 5, 5, 0] 4.687920714199361
[9, 5, 6, 0] 4.107858543803458
[9, 6, 1, 0] 2.153805445344637
[9, 6, 2, 0] 3.243148845789607
[9, 6, 3, 0] 2.325509189576322
[9, 6, 4, 0] 4.6273470561369345
[9, 6, 5, 0] 1.8893295260864127
[9, 6, 6, 0] 1.2993511176961403
[9, 7, 2, 0] 3.384685421942517
[9, 7, 4, 0] 3.0173879639177894
[9, 7, 5, 0] 2.90651549733304
[9, 7, 6, 0] 2.628691897518608
[9, 8, 1, 0] 0.8789615076560101
[9, 8, 2, 0] 4.60674683994817
[9, 8, 3, 0] 4.723207351637246
[9, 8, 4, 0] 6.510718302907947
[9, 8, 5, 0] 4.062236216863471
[9, 8, 6, 0] 4.55660758734906
[9, 9, 1, 0] 2.8613964812444053
[9, 9, 2, 0] 3.4316285564574525
[9, 9, 3, 0] 2.9182474342787357
[9, 9, 4, 0] 2.679495883151139
[9, 9, 5, 0] 3.1426378547424
[9, 9, 6, 0] 2.714271431078931
[9, 10, 1, 0] 2.1703284431778975
[9, 10, 2, 0] 2.6088852380067067
[9, 10, 3, 0] 1.9154410999862865
[9, 10, 4, 0] 2.511210923874047
[9, 10, 5, 0] 3.405879105610442
[9, 10, 6, 0] 2.889875143044881
[9, 11, 1, 0] 1.688078403825986
[9, 11, 2, 0] 2.7430695776018506
[9, 11, 3, 0] 1.858376806537594
[9, 11, 4, 0] 2.1693690357897704
[9, 11, 5, 0] 3.086212080647066
[9, 11, 6, 0] 3.6950001613002503
[9, 14, 1, 0] 0.4176855452567838
[9, 14, 2, 0] 1.6431927547570382
[9, 14, 3, 0] 2.3487073682904924
[9, 14, 4, 0] 3.2278365563421954
[9, 14, 5, 0] 1.248236219201656
[9, 14, 6, 0] 5.0433187282009495
[9, 15, 1, 0] 1.1146632836374584
[9, 15, 2, 0] 2.086620891922563
[9, 15, 3, 0] 2.2987629226217123
[9, 15, 4, 0] 2.2189529994114525
[9, 15, 5, 0] 1.9086015568046033
[9, 15, 6, 0] 1.4706447646370184
[9, 18, 1, 0] 1.7597899439660039
[10, 4, 1, 0] 0.5473847244442289
[10, 4, 2, 0] 1.7711963949474536
[10, 4, 4, 0] 2.55873679645017
[10, 4, 6, 0] 3.433243349010525
[10, 5, 1, 0] 0.7578102773624283
[10, 5, 2, 0] 1.5479414375597011
[10, 5, 4, 0] 3.3129332008301553
[10, 5, 5, 0] 1.9746559820762104
[10, 5, 6, 0] 0.9078653056152172
[10, 6, 1, 0] 2.325960172213231
[10, 6, 2, 0] 2.8064844367607527
[10, 6, 4, 0] 1.8002474097809809
[10, 6, 5, 0] 2.29259719220227
[10, 6, 6, 0] 2.1352702089821385
[10, 7, 1, 0] 1.2300471202631238
[10, 7, 2, 0] 3.0612819852474886
[10, 7, 3, 0] 1.3353556371547566
[10, 7, 4, 0] 1.2597590380036638
[10, 7, 5, 0] 2.472903917658359
[10, 7, 6, 0] 2.9869385008192135
[10, 8, 1, 0] 1.8700085037926606
[10, 8, 2, 0] 3.0512865068863846
[10, 8, 5, 0] 3.9877263391017426
[10, 8, 6, 0] 3.5807141594306007
[10, 9, 1, 0] 1.6861177308802722
[10, 9, 2, 0] 2.0780998467544913
[10, 9, 3, 0] 1.7877344546447884
[10, 9, 4, 0] 5.219991834741228
[10, 9, 5, 0] 3.0567242416627765
[10, 9, 6, 0] 3.261080152328979
[10, 10, 1, 0] 1.2254140182785764
[10, 10, 2, 0] 3.0140585045093946
[10, 10, 4, 0] 3.5235330766335458
[10, 10, 5, 0] 2.5074091404255157
[10, 10, 6, 0] 1.9962072598327913
[10, 11, 3, 0] 1.8606814931549678
[10, 11, 5, 0] 2.579082987953365
[10, 11, 6, 0] 5.121192168362001
[10, 12, 1, 0] 2.3784247338508875
[10, 14, 1, 0] 1.0967050755070238
[10, 14, 2, 0] 1.0737513671878711
[10, 14, 3, 0] 2.2545082863721704
[10, 14, 4, 0] 1.369619508915952
[10, 14, 5, 0] 1.142737906143801
[10, 14, 6, 0] 1.029018156062528
[10, 15, 1, 0] 1.9534661415337635
[10, 15, 2, 0] 1.6519396141774263
[10, 15, 3, 0] 2.257710907228943
[10, 15, 4, 0] 1.5609469413036543
[10, 15, 5, 0] 1.5886483679009717
[10, 15, 6, 0] 2.511476090883853
[10, 16, 1, 0] 2.4748079457507925
[10, 16, 2, 0] 2.031033390390036
[10, 16, 3, 0] 2.023340399560112
[10, 16, 4, 0] 0.9735625697000627
[10, 16, 5, 0] 1.236895937720177
[10, 16, 6, 0] 1.1902945321140244
[10, 17, 1, 0] 1.1242252728032756
[10, 17, 2, 0] 2.307358905295922
[10, 17, 3, 0] 1.0441241496522906
[10, 17, 4, 0] 2.262705131845335
[10, 17, 5, 0] 1.1712838801522012
[10, 17, 6, 0] 3.1324299019713373
[10, 18, 1, 0] 0.937283486187988
[10, 18, 2, 0] 1.7180792455880474
[11, 4, 1, 0] 1.0992862556946286
[11, 4, 2, 0] 0.8514545287407924
[11, 4, 5, 0] 1.8430994397207403
[11, 4, 6, 0] 1.3397047129698645
[11, 6, 1, 0] 2.4218255255659233
[11, 6, 2, 0] 0.6110909856797825
[11, 6, 3, 0] 2.1452029294186885
[11, 6, 5, 0] 2.5836724116371017
[11, 6, 6, 0] 1.768707304257279
[11, 10, 1, 0] 2.7389753267660555
[11, 10, 3, 0] 2.2694720696191584
[11, 10, 4, 0] 2.524514277540258
[11, 10, 5, 0] 2.9841691327217474
[11, 10, 6, 0] 0.9165422487894884
[11, 11, 3, 0] 1.543741735551637
[11, 11, 4, 0] 1.3827818233615563
[11, 11, 5, 0] 1.8303792658236548
[11, 11, 6, 0] 2.696085418135253
[11, 12, 1, 0] 2.1176734071634233
[11, 12, 2, 0] 1.743179999390704
[11, 12, 3, 0] 2.041970489057698
[11, 12, 4, 0] 3.4947813133929513
[11, 12, 5, 0] 4.0172113597961765
[11, 12, 6, 0] 2.3307986134150585
[11, 13, 2, 0] 1.3767134963949486
[11, 13, 5, 0] 4.357321320077218
[11, 13, 6, 0] 2.7534689645998167
[11, 14, 1, 0] 4.251508953741453
[11, 14, 2, 0] 1.9914400347049959
[11, 14, 4, 0] 1.7810736904503648
[11, 14, 5, 0] 2.1519139664446914
[11, 14, 6, 0] 1.217401353972191
[11, 15, 1, 0] 1.9983069416102568
[11, 15, 2, 0] 4.379760423589271
[11, 15, 3, 0] 1.7367944530040855
[11, 15, 6, 0] 2.008783548436763
[11, 16, 1, 0] 1.5766666533927647
[11, 16, 2, 0] 1.3014657682179267
[11, 16, 3, 0] 2.5433956331808734
[11, 16, 4, 0] 1.8000007857869154
[11, 16, 5, 0] 2.67692029239939
[11, 17, 1, 0] 1.4043060317224334
[11, 17, 2, 0] 1.80347941936263
[11, 17, 3, 0] 2.2197845278320756
[11, 17, 4, 0] 2.563663708220586
[11, 17, 5, 0] 3.765328388787267
[11, 17, 6, 0] 2.4230453062795365
[11, 18, 1, 0] 2.7961332694990566
[11, 18, 2, 0] 2.882706447566732
[11, 18, 3, 0] 1.5418431393434515
[11, 18, 4, 0] 1.1168674347751026
[11, 18, 5, 0] 1.8205419940747505
[11, 18, 6, 0] 1.6179606462206226
[11, 19, 1, 0] 0.2265294899895905
[11, 19, 2, 0] 2.486486272662352
[11, 19, 3, 0] 1.7180206804268197
[11, 19, 4, 0] 2.810880723402022
[11, 19, 5, 0] 2.8992612284068526
[11, 22, 1, 0] 1.6425762860011504
[11, 22, 2, 0] 2.228083193292528
[11, 22, 3, 0] 1.5491667518077616
[11, 22, 5, 0] 1.1850402157231292
[11, 22, 6, 0] 1.251121761055425
[11, 24, 1, 0] 2.646894362069798
[11, 24, 4, 0] 1.3170963775658802
[11, 24, 5, 0] 0.8355442042956117
[11, 24, 6, 0] 1.1084556405232886
[11, 25, 1, 0] 2.781348538949537
[11, 25, 2, 0] 1.597286669174092
[11, 25, 3, 0] 0.5129565890245763
[11, 25, 4, 0] 1.590853624617838
[11, 25, 5, 0] 2.3703218907554118
[11, 25, 6, 0] 0.6199078336597692
[12, 1, 6, 0] 3.7780118269946152
[12, 4, 1, 0] 2.259951131702082
[12, 4, 5, 0] 0.9301688449293574
[12, 4, 6, 0] 1.7731675630167962
[12, 5, 3, 0] 1.2177854007369062
[12, 5, 4, 0] 0.8210317412991612
[12, 5, 5, 0] 0.2563429594361164
[12, 6, 3, 0] 1.5560076818477915
[12, 6, 4, 0] 0.9351958205710805
[12, 6, 5, 0] 0.9320004732630928
[12, 7, 1, 0] 1.7010480917897222
[12, 7, 2, 0] 0.8205817456346719
[12, 7, 3, 0] 1.9271765559353027
[12, 7, 4, 0] 2.6914302743526166
[12, 7, 5, 0] 0.6590334361388729
[12, 7, 6, 0] 1.2172956408847946
[12, 8, 1, 0] 0.2905880439319503
[12, 10, 1, 0] 0.8004060367031396
[12, 10, 2, 0] 1.5858887649005182
[12, 10, 3, 0] 1.7097857061969348
[12, 10, 4, 0] 1.816684028235475
[12, 10, 6, 0] 0.9598672279738
[12, 11, 1, 0] 1.514085681302453
[12, 11, 2, 0] 0.9952191654910801
[12, 11, 3, 0] 0.5197931367950086
[12, 11, 4, 0] 1.3497324026129511
[12, 11, 5, 0] 2.2847574701522344
[12, 11, 6, 0] 2.079558183271895
[12, 12, 2, 0] 1.0863570880361324
[12, 12, 3, 0] 1.842643285189019
[12, 12, 4, 0] 1.6809650763632775
[12, 12, 5, 0] 2.097247030792853
[12, 12, 6, 0] 3.254518976923762
[12, 13, 1, 0] 1.3413856121311662
[12, 13, 2, 0] 1.2827645409266777
[12, 13, 3, 0] 10.0
[12, 13, 4, 0] 3.700189265083265
[12, 13, 5, 0] 2.716982459651013
[12, 13, 6, 0] 3.3086573847269416
[12, 14, 1, 0] 2.840318357515695
[12, 14, 3, 0] 1.031635887454726
[12, 14, 4, 0] 2.533180165772299
[12, 14, 5, 0] 1.9040415383539542
[12, 14, 6, 0] 2.5437520322619416
[12, 15, 1, 0] 2.4378833242235323
[12, 15, 2, 0] 2.372775442423547
[12, 15, 3, 0] 1.2557778249768536
[12, 15, 4, 0] 1.7419157155167952
[12, 15, 5, 0] 2.3417903733434815
[12, 15, 6, 0] 2.065102023478634
[12, 16, 1, 0] 1.1395140959811736
[12, 16, 2, 0] 2.2246589983155207
[12, 16, 4, 0] 3.063001755990663
[12, 16, 5, 0] 4.031917814385323
[12, 16, 6, 0] 1.839325662100946
[12, 17, 1, 0] 2.678141932410781
[12, 17, 2, 0] 1.931622209486549
[12, 17, 3, 0] 2.4326577810847088
[12, 17, 4, 0] 1.4717560143677328
[12, 17, 5, 0] 1.2854650404913979
[12, 17, 6, 0] 2.0436308168604453
[12, 18, 3, 0] 1.2294526420086547
[12, 18, 4, 0] 1.6076736833766876
[12, 18, 5, 0] 2.045357632924068
[12, 18, 6, 0] 0.5952539142138361
[12, 19, 1, 0] 1.3572104544216286
[12, 19, 2, 0] 0.7893361091591475
[12, 22, 1, 0] 1.2721590039754962
[12, 22, 2, 0] 1.8337282560705306
[12, 22, 3, 0] 1.2082044745207177
[12, 22, 4, 0] 1.9088527761895495
[12, 22, 5, 0] 1.2737725609556285
[12, 22, 6, 0] 0.6180347959194686
[12, 23, 3, 0] 0.9911746817758021
[12, 23, 4, 0] 1.1693537540817895
[12, 24, 1, 0] 1.8479019885437016
[12, 24, 2, 0] 1.865728413182734
[12, 24, 6, 0] 0.7629215148443246
[12, 25, 2, 0] 1.2717510011838085
[12, 25, 3, 0] 1.9997622006520794
[12, 25, 5, 0] 1.2379012393631104
[12, 25, 6, 0] 2.285195343792671
