WeldID:	2882	WeldType nr:	2	WeldError	0	RincoStatus:	0x0	WeldEnd:	0x4	DisplAfterWeld:0.320	DisplAfterCool:0.428	FrameNumber: 05	StringerNumber: 05	SpotNumber: 03
530403505.000	0.000
530403506.000	37.679
530403514.000	100.387
530403524.000	179.994
530403535.000	254.665
530403544.000	336.563
530403554.000	408.224
530403565.000	462.433
530403574.000	492.601
530403585.000	510.643
530403594.000	530.543
530403604.000	549.999
530403615.000	570.169
530403624.000	589.063
530403634.000	609.003
530403645.000	628.828
530403654.000	647.494
530403665.000	664.511
530403675.000	681.554
530403684.000	698.303
530403695.000	716.648
530403705.000	735.275
530403714.000	753.507
530403725.000	772.745
530403734.000	797.927
530403744.000	827.774
530403755.000	863.197
530403765.000	899.799
530403774.000	935.531
530403785.000	972.016
530403794.000	1004.323
530403805.000	1038.360
530403815.000	1073.780
530403824.000	1108.224
530403835.000	1137.303
530403845.000	1150.146
530403854.000	1138.967
530403865.000	1109.813
530403875.000	1069.125
530403884.000	1032.878
530403895.000	998.020
530403905.000	964.986
530403914.000	928.619
530403924.000	893.522
530403935.000	854.078
530403944.000	817.973
530403954.000	786.589
530403965.000	762.745
530403975.000	768.951
530403985.000	809.864
530403994.000	874.521
530404004.000	940.998
530404015.000	969.337
530404024.000	937.675
530404035.000	863.311
530404045.000	767.593
530404054.000	697.203
530404065.000	722.219
530404075.000	763.316
530404084.000	810.754
530404094.000	791.779
530404105.000	768.220
530404114.000	755.404
530404125.000	745.799
530404134.000	737.185
530404144.000	727.606
530404155.000	719.934
530404164.000	712.807
530404175.000	707.589
530404185.000	701.982
530404194.000	699.876
530404205.000	696.804
530404215.000	693.808
530404224.000	691.957
530404235.000	689.632
530404245.000	688.501
530404254.000	685.765
530404265.000	683.249
530404274.000	681.032
530404284.000	680.981
530404294.000	681.861
530404304.000	680.580
530404315.000	680.519
530404325.000	679.773
530404334.000	681.466
530404344.000	681.743
530404355.000	682.085
530404364.000	681.429
530404374.000	683.111
530404385.000	682.030
530404394.000	681.659
530404405.000	674.876
530404414.000	668.765
530404424.000	659.244
530404435.000	657.370
530404444.000	659.216
530404455.000	665.618
530404465.000	669.393
530404474.000	674.720
530404485.000	677.593
530404495.000	680.408
530404504.000	675.983
530404515.000	665.436
530404524.000	649.352
530404534.000	638.645
530404545.000	635.215
530404554.000	636.289
530404564.000	638.010
530404575.000	640.040
530404584.000	643.583
530404594.000	646.970
530404605.000	653.652
530404614.000	660.074
530404625.000	663.763
530404635.000	666.881
530404644.000	669.432
530404655.000	671.926
530404664.000	681.300
530404674.000	726.799
530404684.000	772.557
530404694.000	816.760
530404704.000	822.903
530404715.000	817.448
530404724.000	809.622
530404734.000	804.688
530404745.000	798.465
530404754.000	792.200
530404764.000	787.265
530404775.000	782.810
530404784.000	777.517
530404794.000	774.459
530404805.000	771.882
530404814.000	770.009
530404825.000	769.015
530404834.000	770.564
530404844.000	772.893
530404855.000	774.975
530404864.000	777.642
530404874.000	779.169
530404885.000	782.824
530404894.000	785.952
530404905.000	789.720
530404915.000	793.677
530404924.000	799.374
530404934.000	804.746
530404944.000	811.202
530404954.000	816.073
530404964.000	821.498
530404975.000	826.789
530404984.000	833.090
530404994.000	837.879
530405005.000	841.697
530405014.000	844.968
530405024.000	850.408
530405034.000	855.304
530405044.000	859.779
530405055.000	862.349
530405065.000	865.168
530405074.000	867.902
530405085.000	871.686
530405094.000	873.429
530405104.000	874.203
530405115.000	876.801
530405124.000	879.250
530405134.000	881.948
530405145.000	883.755
530405154.000	886.818
530405164.000	888.538
530405175.000	891.887
530405184.000	892.909
530405194.000	894.047
530405205.000	894.921
530405214.000	895.862
530405224.000	895.730
530405235.000	893.941
530405244.000	894.327
530405254.000	893.978
530405264.000	894.557
530405274.000	894.557
530405374.000	0.000
WeldID:	2896	WeldType nr:	2	WeldError	0	RincoStatus:	0x0	WeldEnd:	0x4	DisplAfterWeld:0.110	DisplAfterCool:0.170	FrameNumber: 05	StringerNumber: 05	SpotNumber: 03
535728504.000	0.000
535728505.000	31.282
535728514.000	79.386
535728525.000	147.087
535728534.000	207.890
535728545.000	288.148
535728555.000	362.786
535728564.000	426.723
535728575.000	468.928
535728584.000	500.767
535728594.000	527.441
535728605.000	551.110
535728614.000	569.111
535728625.000	586.181
535728635.000	599.721
535728645.000	613.446
535728655.000	626.496
535728665.000	640.225
535728675.000	653.982
535728685.000	665.633
535728695.000	677.938
535728705.000	687.343
535728714.000	695.036
535728725.000	699.813
535728735.000	706.756
535728744.000	717.435
535728754.000	729.232
535728765.000	743.897
535728774.000	759.401
535728785.000	777.547
535728795.000	797.543
535728805.000	815.928
535728815.000	833.578
535728824.000	849.187
535728835.000	865.754
535728845.000	879.525
535728854.000	894.523
535728865.000	910.199
535728875.000	926.301
535728884.000	943.918
535728894.000	962.020
535728905.000	980.321
535728914.000	998.563
535728924.000	1014.999
535728935.000	1030.554
535728944.000	1040.184
535728955.000	1041.814
535728965.000	1032.858
535728975.000	1019.537
535728984.000	1002.392
535728995.000	983.213
535729005.000	963.122
535729015.000	942.140
535729025.000	924.357
535729034.000	908.136
535729044.000	894.544
535729055.000	880.307
535729065.000	868.660
535729074.000	857.171
535729084.000	849.132
535729095.000	841.597
535729104.000	832.035
535729115.000	826.264
535729125.000	820.977
535729135.000	817.690
535729145.000	811.922
535729155.000	808.511
535729164.000	805.671
535729175.000	804.740
535729185.000	802.730
535729195.000	799.363
535729205.000	796.644
535729214.000	796.632
535729225.000	798.349
535729234.000	800.463
535729245.000	801.770
535729255.000	804.324
535729264.000	806.946
535729275.000	809.398
535729285.000	809.905
535729294.000	808.319
535729305.000	802.317
535729315.000	799.135
535729324.000	799.101
535729335.000	802.122
535729345.000	807.569
535729354.000	808.054
535729365.000	811.595
535729375.000	811.966
535729384.000	815.815
535729395.000	818.338
535729404.000	820.587
535729415.000	822.267
535729425.000	823.804
535729434.000	826.181
535729444.000	826.832
535729455.000	828.788
535729464.000	828.364
535729475.000	829.894
535729485.000	831.844
535729494.000	835.456
535729505.000	838.888
535729515.000	840.973
535729524.000	842.990
535729535.000	844.310
535729545.000	847.408
535729554.000	848.510
535729565.000	849.042
535729575.000	852.233
535729584.000	854.802
535729595.000	856.736
535729605.000	856.216
535729614.000	858.038
535729625.000	858.755
535729635.000	861.150
535729645.000	860.961
535729655.000	861.026
535729664.000	860.619
535729674.000	862.452
535729685.000	864.975
535729695.000	863.965
535729704.000	862.190
535729715.000	861.180
535729725.000	861.716
535729734.000	863.005
535729744.000	861.470
535729755.000	861.656
535729765.000	860.187
535729775.000	861.566
535729784.000	859.548
535729795.000	857.341
535729805.000	856.155
535729815.000	854.747
535729825.000	854.278
535729835.000	851.031
535729845.000	849.547
535729854.000	846.804
535729864.000	846.053
535729875.000	844.986
535729884.000	842.360
535729895.000	840.940
535729905.000	838.851
535729914.000	838.798
535729925.000	837.786
535729935.000	836.673
535729944.000	835.932
535729955.000	834.497
535729965.000	834.189
535729974.000	833.136
535729985.000	832.438
535729995.000	832.498
535730004.000	831.771
535730015.000	830.298
535730024.000	827.050
535730034.000	825.408
535730045.000	823.889
535730054.000	825.341
535730064.000	824.001
535730074.000	823.782
535730085.000	822.107
535730094.000	822.302
535730104.000	822.373
535730115.000	821.491
535730124.000	821.867
535730135.000	821.974
535730145.000	823.187
535730154.000	822.668
535730164.000	822.839
535730175.000	822.879
535730184.000	824.214
535730195.000	824.963
535730205.000	824.034
535730214.000	824.024
535730224.000	822.329
535730235.000	822.417
535730244.000	823.031
535730255.000	824.752
535730265.000	827.644
535730274.000	828.526
535730284.000	828.526
535730385.000	0.000
WeldID:	2901	WeldType nr:	2	WeldError	0	RincoStatus:	0x0	WeldEnd:	0x4	DisplAfterWeld:0.460	DisplAfterCool:0.530	FrameNumber: 05	StringerNumber: 05	SpotNumber: 03
536317005.000	0.000
536317006.000	34.260
536317014.000	91.333
536317025.000	176.527
536317035.000	263.636
536317045.000	380.526
536317055.000	508.579
536317065.000	618.474
536317075.000	714.799
536317085.000	807.631
536317095.000	896.744
536317105.000	973.589
536317115.000	1036.062
536317125.000	1089.830
536317134.000	1141.512
536317145.000	1181.006
536317155.000	1208.822
536317165.000	1230.683
536317175.000	1246.612
536317185.000	1257.630
536317194.000	1263.198
536317205.000	1267.698
536317215.000	1268.881
536317225.000	1264.199
536317235.000	1253.664
536317245.000	1243.232
536317255.000	1235.540
536317265.000	1234.455
536317274.000	1233.364
536317285.000	1234.114
536317295.000	1232.858
536317304.000	1231.924
536317315.000	1234.089
536317325.000	1236.598
536317335.000	1244.042
536317345.000	1247.092
536317355.000	1257.858
536317365.000	1268.775
536317374.000	1283.266
536317385.000	1295.031
536317395.000	1309.408
536317405.000	1323.405
536317415.000	1332.941
536317425.000	1337.733
536317434.000	1335.147
536317445.000	1332.132
536317455.000	1326.885
536317465.000	1323.982
536317474.000	1319.276
536317485.000	1309.760
536317495.000	1301.582
536317505.000	1289.908
536317515.000	1280.229
536317525.000	1268.167
536317534.000	1259.408
536317545.000	1252.252
536317555.000	1243.971
536317565.000	1229.468
536317575.000	1215.106
536317586.000	1200.504
536317595.000	1185.542
536317605.000	1169.975
536317615.000	1155.469
536317625.000	1145.036
536317635.000	1138.778
536317646.000	1135.356
536317655.000	1134.290
536317665.000	1130.719
536317674.000	1129.389
536317684.000	1127.138
536317695.000	1126.341
536317705.000	1123.899
536317714.000	1122.786
536317725.000	1122.906
536317735.000	1124.510
536317744.000	1126.707
536317755.000	1127.095
536317765.000	1129.441
536317775.000	1132.312
536317785.000	1135.133
536317795.000	1138.494
536317805.000	1141.384
536317815.000	1148.823
536317825.000	1155.778
536317835.000	1166.240
536317845.000	1173.598
536317855.000	1182.320
536317864.000	1193.543
536317875.000	1206.524
536317885.000	1221.999
536317895.000	1234.222
536317905.000	1249.042
536317914.000	1262.602
536317925.000	1273.765
536317935.000	1283.789
536317944.000	1293.100
536317955.000	1305.115
536317965.000	1317.169
536317975.000	1331.704
536317985.000	1343.702
536317995.000	1356.878
536318005.000	1370.587
536318015.000	1383.771
536318024.000	1397.002
536318035.000	1406.755
536318045.000	1419.708
536318054.000	1429.057
536318065.000	1440.032
536318075.000	1444.935
536318084.000	1448.287
536318095.000	1450.206
536318105.000	1449.593
536318115.000	1449.266
536318125.000	1443.648
536318135.000	1441.198
536318145.000	1438.810
536318155.000	1439.060
536318165.000	1432.035
536318175.000	1422.086
536318185.000	1411.599
536318195.000	1403.366
536318205.000	1395.959
536318215.000	1387.845
536318225.000	1379.787
536318235.000	1374.608
536318245.000	1370.173
536318255.000	1378.857
536318264.000	1392.203
536318275.000	1405.157
536318285.000	1408.855
536318294.000	1407.640
536318305.000	1398.723
536318315.000	1389.611
536318325.000	1387.701
536318335.000	1396.032
536318345.000	1410.301
536318356.000	1416.248
536318365.000	1425.845
536318375.000	1434.157
536318384.000	1441.913
536318395.000	1446.537
536318405.000	1448.703
536318414.000	1454.486
536318425.000	1461.453
536318434.000	1470.874
536318445.000	1478.808
536318455.000	1485.455
536318465.000	1492.626
536318474.000	1500.006
536318485.000	1507.254
536318495.000	1509.291
536318505.000	1507.714
536318515.000	1500.749
536318524.000	1490.671
536318535.000	1479.386
536318545.000	1468.004
536318554.000	1460.998
536318565.000	1456.415
536318575.000	1450.926
536318585.000	1442.423
536318595.000	1438.281
536318605.000	1436.875
536318614.000	1438.509
536318625.000	1436.179
536318635.000	1435.326
536318645.000	1438.539
536318655.000	1444.354
536318664.000	1450.032
536318674.000	1453.800
536318685.000	1459.541
536318694.000	1466.117
536318705.000	1472.723
536318715.000	1477.810
536318725.000	1480.161
536318735.000	1485.567
536318745.000	1489.384
536318754.000	1493.315
536318765.000	1491.298
536318775.000	1487.786
536318784.000	1487.786
536318885.000	0.000
