WeldID:	2883	WeldType nr:	3	WeldError	0	RincoStatus:	0x0	WeldEnd:	0x4	DisplAfterWeld:0.470	DisplAfterCool:0.550	FrameNumber: 05	StringerNumber: 05	SpotNumber: 04
530684004.000	0.000
530684005.000	28.326
530684015.000	72.826
530684025.000	133.170
530684034.000	187.305
530684045.000	251.950
530684055.000	322.635
530684064.000	380.358
530684075.000	422.496
530684085.000	447.465
530684095.000	469.346
530684104.000	493.352
530684115.000	517.284
530684124.000	541.288
530684134.000	561.671
530684145.000	578.206
530684154.000	594.332
530684164.000	609.826
530684175.000	627.146
530684184.000	644.498
530684195.000	661.294
530684205.000	676.765
530684214.000	693.301
530684224.000	706.564
530684235.000	719.906
530684244.000	732.871
530684254.000	744.531
530684265.000	755.869
530684274.000	763.329
530684285.000	769.021
530684295.000	772.626
530684304.000	775.624
530684315.000	781.632
530684324.000	785.877
530684334.000	789.969
530684345.000	791.842
530684355.000	794.268
530684364.000	794.484
530684374.000	795.828
530684385.000	795.362
530684394.000	796.394
530684405.000	797.578
530684415.000	800.983
530684424.000	804.509
530684435.000	806.681
530684444.000	811.376
530684454.000	815.578
530684464.000	820.449
530684475.000	821.646
530684484.000	819.322
530684495.000	815.873
530684505.000	810.362
530684515.000	804.520
530684525.000	794.918
530684534.000	788.011
530684544.000	781.385
530684555.000	776.507
530684564.000	771.810
530684574.000	765.526
530684585.000	758.315
530684594.000	752.469
530684604.000	748.235
530684615.000	744.446
530684624.000	741.864
530684634.000	741.023
530684645.000	738.844
530684654.000	738.467
530684665.000	736.129
530684674.000	736.816
530684684.000	737.363
530684694.000	739.099
530684704.000	740.070
530684714.000	739.720
530684725.000	740.350
530684734.000	740.306
530684745.000	741.473
530684755.000	743.302
530684764.000	744.961
530684774.000	748.412
530684785.000	750.827
530684794.000	753.092
530684805.000	754.358
530684815.000	756.993
530684824.000	760.053
530684834.000	763.465
530684844.000	766.083
530684854.000	769.235
530684865.000	771.509
530684874.000	774.872
530684885.000	778.246
530684895.000	780.480
530684904.000	784.738
530684914.000	787.862
530684925.000	792.657
530684934.000	794.931
530684945.000	798.903
530684955.000	804.179
530684964.000	809.681
530684975.000	815.758
530684985.000	819.706
530684994.000	825.916
530685005.000	830.665
530685015.000	838.462
530685024.000	841.940
530685035.000	847.390
530685045.000	853.099
530685054.000	860.686
530685065.000	865.784
530685074.000	870.493
530685084.000	874.972
530685095.000	881.624
530685104.000	888.103
530685115.000	895.680
530685125.000	898.698
530685134.000	901.028
530685144.000	904.831
530685154.000	913.614
530685164.000	923.857
530685175.000	933.713
530685184.000	942.582
530685195.000	951.760
530685205.000	960.526
530685214.000	968.237
530685224.000	978.790
530685234.000	987.974
530685244.000	997.253
530685255.000	1002.767
530685264.000	1010.130
530685275.000	1019.223
530685285.000	1027.121
530685294.000	1035.348
530685304.000	1040.157
530685315.000	1045.500
530685324.000	1051.319
530685335.000	1057.753
530685345.000	1063.219
530685354.000	1065.188
530685364.000	1069.486
530685375.000	1072.301
530685384.000	1075.030
530685394.000	1074.682
530685405.000	1076.690
530685415.000	1078.192
530685424.000	1081.381
530685434.000	1081.527
530685445.000	1079.686
530685454.000	1078.501
530685464.000	1078.003
530685474.000	1077.076
530685484.000	1075.068
530685494.000	1073.539
530685504.000	1072.162
530685514.000	1072.281
530685525.000	1071.922
530685534.000	1071.017
530685544.000	1071.217
530685555.000	1071.358
530685564.000	1073.082
530685574.000	1072.341
530685585.000	1072.077
530685594.000	1071.483
530685604.000	1071.483
530685705.000	0.000
WeldID:	2897	WeldType nr:	3	WeldError	0	RincoStatus:	0x0	WeldEnd:	0x4	DisplAfterWeld:0.710	DisplAfterCool:0.790	FrameNumber: 05	StringerNumber: 05	SpotNumber: 04
535825505.000	0.000
535825506.000	28.261
535825515.000	72.295
535825525.000	135.867
535825534.000	202.259
535825545.000	293.517
535825554.000	391.774
535825564.000	470.026
535825575.000	527.168
535825584.000	567.734
535825595.000	603.018
535825605.000	634.610
535825614.000	662.763
535825624.000	690.996
535825635.000	713.210
535825644.000	739.914
535825655.000	763.723
535825665.000	788.230
535825674.000	807.988
535825684.000	827.497
535825695.000	843.749
535825704.000	860.582
535825714.000	874.992
535825725.000	886.710
535825734.000	901.482
535825745.000	917.263
535825755.000	934.944
535825764.000	949.704
535825775.000	966.723
535825785.000	985.286
535825794.000	1010.385
535825804.000	1037.865
535825815.000	1072.111
535825824.000	1113.331
535825835.000	1159.592
535825845.000	1200.009
535825854.000	1238.646
535825865.000	1275.222
535825874.000	1313.200
535825884.000	1350.160
535825894.000	1384.802
535825904.000	1424.031
535825914.000	1474.011
535825925.000	1538.510
535825934.000	1604.980
535825945.000	1658.869
535825955.000	1692.939
535825964.000	1694.323
535825975.000	1670.216
535825985.000	1632.008
535825994.000	1588.595
535826004.000	1550.885
535826014.000	1519.736
535826025.000	1498.447
535826035.000	1485.492
535826044.000	1473.496
535826055.000	1466.339
535826065.000	1459.289
535826074.000	1455.670
535826084.000	1450.331
535826095.000	1442.769
535826105.000	1441.231
535826114.000	1442.056
535826125.000	1444.156
535826134.000	1444.537
535826144.000	1446.394
535826155.000	1454.013
535826164.000	1463.510
535826175.000	1472.695
535826185.000	1475.258
535826194.000	1482.711
535826204.000	1492.951
535826215.000	1506.429
535826225.000	1517.226
535826234.000	1523.391
535826245.000	1530.400
535826255.000	1535.509
535826264.000	1541.832
535826274.000	1541.649
535826284.000	1541.625
535826294.000	1538.871
535826305.000	1539.530
535826314.000	1534.827
535826324.000	1526.922
535826335.000	1520.671
535826345.000	1515.730
535826354.000	1513.948
535826364.000	1507.666
535826375.000	1500.541
535826384.000	1494.261
535826394.000	1490.757
535826405.000	1488.085
535826414.000	1477.922
535826425.000	1470.785
535826434.000	1465.720
535826444.000	1463.802
535826455.000	1457.661
535826464.000	1450.913
535826474.000	1443.285
535826484.000	1435.256
535826495.000	1428.229
535826504.000	1420.257
535826514.000	1418.956
535826525.000	1416.186
535826534.000	1417.371
535826545.000	1416.136
535826554.000	1419.605
535826564.000	1424.332
535826575.000	1430.382
535826584.000	1435.659
535826594.000	1438.616
535826605.000	1440.234
535826614.000	1444.009
535826624.000	1453.481
535826635.000	1462.625
535826644.000	1465.517
535826654.000	1462.184
535826664.000	1458.859
535826675.000	1464.532
535826685.000	1475.832
535826694.000	1489.098
535826704.000	1495.700
535826715.000	1497.910
535826724.000	1500.541
535826734.000	1503.709
535826745.000	1514.313
535826754.000	1524.960
535826764.000	1541.091
535826774.000	1553.351
535826784.000	1570.388
535826794.000	1582.874
535826804.000	1594.918
535826814.000	1599.523
535826825.000	1605.639
535826834.000	1617.511
535826844.000	1628.849
535826855.000	1635.829
535826864.000	1634.792
535826874.000	1636.787
535826885.000	1644.516
535826894.000	1656.939
535826904.000	1668.987
535826915.000	1676.840
535826924.000	1681.004
535826934.000	1687.767
535826945.000	1696.969
535826954.000	1699.734
535826964.000	1698.413
535826975.000	1697.097
535826984.000	1698.254
535826994.000	1697.373
535827004.000	1684.410
535827014.000	1680.068
535827024.000	1679.963
535827035.000	1698.535
535827044.000	1712.661
535827054.000	1722.037
535827064.000	1720.761
535827074.000	1711.758
535827084.000	1702.314
535827095.000	1684.371
535827104.000	1684.371
535827205.000	0.000
