WeldID:	2880	WeldType nr:	0	WeldError	0	RincoStatus:	0x0	WeldEnd:	0x4	DisplAfterWeld:1.130	DisplAfterCool:1.240	FrameNumber: 05	StringerNumber: 05	SpotNumber: 01
530167505.000	0.000
530167506.000	44.825
530167515.000	179.691
530167525.000	377.622
530167535.000	600.237
530167545.000	803.627
530167555.000	1012.534
530167564.000	1180.263
530167575.000	1294.502
530167585.000	1372.656
530167595.000	1451.690
530167605.000	1527.073
530167615.000	1594.049
530167625.000	1653.029
530167635.000	1698.867
530167646.000	1730.344
530167655.000	1756.490
530167665.000	1784.857
530167675.000	1823.579
530167685.000	1865.007
530167695.000	1903.800
530167704.000	1935.905
530167715.000	1957.142
530167725.000	1979.462
530167735.000	2001.765
530167745.000	2027.212
530167755.000	2045.522
530167764.000	2066.589
530167775.000	2086.111
530167785.000	2108.990
530167795.000	2125.010
530167805.000	2136.558
530167816.000	2149.812
530167825.000	2165.327
530167835.000	2182.181
530167844.000	2197.945
530167855.000	2216.064
530167865.000	2233.031
530167875.000	2245.755
530167885.000	2257.605
530167895.000	2258.389
530167905.000	2258.615
530167915.000	2251.017
530167925.000	2243.822
530167935.000	2229.104
530167945.000	2204.666
530167955.000	2187.788
530167965.000	2172.102
530167975.000	2156.728
530167985.000	2134.774
530167995.000	2109.915
530168005.000	2086.728
530168015.000	2068.051
530168025.000	2045.469
530168035.000	2015.729
530168046.000	1991.743
530168055.000	1965.804
530168065.000	1943.859
530168075.000	1918.686
530168085.000	1895.586
530168095.000	1877.947
530168105.000	1871.991
530168115.000	1871.512
530168126.000	1873.522
530168135.000	1878.417
530168145.000	1886.298
530168155.000	1889.578
530168165.000	1889.202
530168175.000	1890.307
530168186.000	1899.843
530168195.000	1911.469
530168205.000	1921.448
530168214.000	1921.318
530168225.000	1930.615
530168235.000	1943.035
530168245.000	1952.794
530168255.000	1953.859
530168264.000	1951.405
530168275.000	1956.869
530168285.000	1968.294
530168295.000	1984.683
530168305.000	1998.812
530168315.000	2013.048
530168324.000	2027.972
530168335.000	2036.250
530168346.000	2037.665
530168355.000	2030.557
530168365.000	2029.581
530168375.000	2031.324
530168385.000	2035.617
530168395.000	2036.665
530168404.000	2041.753
530168415.000	2050.195
530168425.000	2060.494
530168435.000	2071.861
530168445.000	2075.798
530168454.000	2082.407
530168465.000	2089.345
530168475.000	2101.845
530168485.000	2116.161
530168495.000	2147.212
530168505.000	2181.087
530168515.000	2214.520
530168525.000	2230.556
530168535.000	2233.873
530168545.000	2233.325
530168555.000	2240.256
530168565.000	2250.706
530168575.000	2257.077
530168585.000	2248.775
530168595.000	2251.104
530168605.000	2251.651
530168615.000	2257.036
530168624.000	2252.294
530168635.000	2250.604
530168645.000	2247.864
530168654.000	2238.097
530168665.000	2216.790
530168676.000	2191.965
530168685.000	2174.019
530168695.000	2158.171
530168706.000	2155.240
530168715.000	2170.246
530168725.000	2187.681
530168734.000	2203.572
530168745.000	2198.750
530168755.000	2202.417
530168765.000	2204.906
530168775.000	2215.002
530168785.000	2233.716
530168795.000	2252.823
530168804.000	2267.860
530168815.000	2270.040
530168825.000	2269.145
530168835.000	2258.422
530168845.000	2247.765
530168855.000	2238.775
530168865.000	2228.278
530168875.000	2217.789
530168885.000	2209.152
530168895.000	2194.330
530168905.000	2173.750
530168915.000	2154.033
530168925.000	2137.875
530168935.000	2130.377
530168945.000	2119.597
530168954.000	2105.391
530168965.000	2094.517
530168976.000	2087.225
530168985.000	2085.322
530168995.000	2078.578
530169004.000	2075.585
530169014.000	2076.930
530169025.000	2077.617
530169035.000	2075.050
530169045.000	2063.980
530169055.000	2057.419
530169065.000	2044.877
530169074.000	2034.061
530169085.000	2005.601
530169094.000	1969.531
530169105.000	1928.861
530169115.000	1886.148
530169124.000	1886.148
530169225.000	0.000
WeldID:	2894	WeldType nr:	0	WeldError	0	RincoStatus:	0x0	WeldEnd:	0x4	DisplAfterWeld:0.670	DisplAfterCool:0.760	FrameNumber: 05	StringerNumber: 05	SpotNumber: 01
535537504.000	0.000
535537505.000	42.584
535537514.000	132.113
535537525.000	254.529
535537535.000	379.671
535537544.000	510.056
535537554.000	651.081
535537565.000	765.431
535537574.000	840.780
535537585.000	895.202
535537594.000	947.380
535537604.000	1001.363
535537615.000	1047.872
535537624.000	1080.461
535537635.000	1089.530
535537645.000	1093.218
535537654.000	1097.513
535537664.000	1111.385
535537675.000	1127.998
535537685.000	1144.472
535537694.000	1159.422
535537704.000	1173.452
535537715.000	1180.140
535537724.000	1184.578
535537734.000	1191.941
535537744.000	1205.120
535537754.000	1219.239
535537765.000	1230.241
535537774.000	1238.515
535537784.000	1247.731
535537794.000	1255.903
535537805.000	1265.454
535537814.000	1276.378
535537825.000	1291.027
535537835.000	1302.356
535537844.000	1315.610
535537855.000	1327.434
535537864.000	1340.231
535537874.000	1356.011
535537885.000	1375.207
535537894.000	1396.324
535537904.000	1417.228
535537915.000	1437.846
535537925.000	1458.757
535537934.000	1476.171
535537944.000	1487.228
535537954.000	1498.650
535537964.000	1510.735
535537975.000	1522.577
535537984.000	1529.839
535537994.000	1536.591
535538005.000	1542.108
535538014.000	1549.142
535538024.000	1551.518
535538035.000	1558.594
535538045.000	1564.442
535538054.000	1577.653
535538064.000	1585.839
535538075.000	1594.373
535538084.000	1599.452
535538094.000	1604.398
535538104.000	1613.244
535538114.000	1620.817
535538125.000	1627.012
535538134.000	1631.956
535538144.000	1635.443
535538155.000	1636.879
535538164.000	1636.792
535538175.000	1635.438
535538185.000	1634.142
535538194.000	1630.330
535538204.000	1624.298
535538215.000	1611.195
535538224.000	1594.807
535538234.000	1574.703
535538245.000	1553.426
535538254.000	1531.095
535538264.000	1506.636
535538274.000	1485.920
535538284.000	1467.195
535538295.000	1448.551
535538304.000	1428.230
535538314.000	1407.492
535538325.000	1391.579
535538334.000	1375.361
535538344.000	1358.223
535538355.000	1343.036
535538364.000	1330.240
535538375.000	1319.801
535538385.000	1310.694
535538394.000	1301.008
535538404.000	1288.918
535538414.000	1277.145
535538424.000	1269.135
535538435.000	1260.224
535538444.000	1254.450
535538455.000	1248.780
535538464.000	1244.310
535538474.000	1239.024
535538485.000	1234.361
535538494.000	1230.409
535538505.000	1226.100
535538514.000	1224.627
535538525.000	1219.293
535538535.000	1216.521
535538544.000	1211.831
535538555.000	1209.266
535538564.000	1205.442
535538574.000	1202.443
535538584.000	1197.675
535538594.000	1193.430
535538604.000	1187.359
535538615.000	1183.155
535538624.000	1175.534
535538635.000	1166.708
535538644.000	1157.155
535538655.000	1150.123
535538665.000	1142.305
535538674.000	1135.835
535538684.000	1127.814
535538694.000	1121.010
535538704.000	1111.867
535538715.000	1102.968
535538724.000	1094.283
535538735.000	1087.729
535538744.000	1084.877
535538754.000	1081.429
535538765.000	1081.669
535538774.000	1081.630
535538785.000	1085.807
535538794.000	1089.038
535538804.000	1097.526
535538815.000	1108.923
535538824.000	1123.477
535538834.000	1145.104
535538845.000	1178.882
535538854.000	1202.009
535538864.000	1213.205
535538874.000	1220.060
535538884.000	1239.396
535538895.000	1266.310
535538904.000	1285.048
535538914.000	1300.485
535538925.000	1314.169
535538934.000	1327.205
535538944.000	1333.826
535538955.000	1339.341
535538964.000	1344.561
535538974.000	1354.932
535538985.000	1370.850
535538994.000	1388.575
535539004.000	1402.227
535539015.000	1420.270
535539024.000	1438.185
535539035.000	1451.878
535539045.000	1465.806
535539055.000	1484.558
535539064.000	1517.566
535539074.000	1550.651
535539084.000	1587.225
535539094.000	1615.279
535539105.000	1644.434
535539114.000	1656.001
535539124.000	1656.001
535539225.000	0.000
