WeldID:	2888	WeldType nr:	0	WeldError	0	RincoStatus:	0x0	WeldEnd:	0x4	DisplAfterWeld:1.615	DisplAfterCool:1.770	FrameNumber: 05	StringerNumber: 03	SpotNumber: 01
534667004.000	0.000
534667005.000	38.341
534667014.000	181.686
534667025.000	397.946
534667035.000	648.452
534667044.000	873.745
534667055.000	1094.887
534667064.000	1267.020
534667074.000	1368.971
534667085.000	1435.630
534667094.000	1494.102
534667105.000	1564.903
534667115.000	1636.333
534667125.000	1702.291
534667135.000	1749.206
534667145.000	1769.152
534667154.000	1780.538
534667165.000	1795.298
534667175.000	1824.774
534667185.000	1860.444
534667195.000	1895.169
534667205.000	1919.650
534667215.000	1929.283
534667225.000	1937.170
534667235.000	1952.063
534667244.000	1971.624
534667255.000	1994.316
534667265.000	2016.774
534667274.000	2041.031
534667285.000	2062.110
534667295.000	2081.643
534667305.000	2098.438
534667315.000	2121.618
534667324.000	2144.865
534667334.000	2168.858
534667345.000	2186.810
534667355.000	2205.766
534667365.000	2229.815
534667375.000	2251.714
534667385.000	2268.106
534667394.000	2278.290
534667405.000	2291.228
534667415.000	2304.417
534667424.000	2312.426
534667435.000	2315.358
534667445.000	2310.361
534667454.000	2312.639
534667465.000	2308.486
534667475.000	2311.868
534667484.000	2308.296
534667495.000	2311.892
534667505.000	2312.781
534667514.000	2315.689
534667525.000	2312.666
534667535.000	2311.357
534667544.000	2310.381
534667555.000	2314.034
534667565.000	2312.062
534667575.000	2312.161
534667585.000	2305.411
534667594.000	2307.532
534667605.000	2298.481
534667615.000	2291.624
534667624.000	2287.125
534667634.000	2284.646
534667645.000	2273.291
534667654.000	2256.134
534667665.000	2241.665
534667675.000	2228.408
534667684.000	2216.281
534667695.000	2200.753
534667705.000	2189.483
534667715.000	2172.139
534667724.000	2152.021
534667735.000	2139.632
534667744.000	2123.544
534667755.000	2110.228
534667765.000	2090.160
534667774.000	2078.214
534667785.000	2058.692
534667795.000	2047.962
534667804.000	2027.555
534667815.000	2021.911
534667825.000	2008.587
534667834.000	1999.735
534667845.000	1979.463
534667854.000	1961.555
534667865.000	1949.756
534667875.000	1934.387
534667885.000	1922.147
534667894.000	1914.419
534667904.000	1911.412
534667915.000	1909.078
534667924.000	1913.163
534667935.000	1917.780
534667945.000	1930.288
534667954.000	1949.537
534667965.000	1968.983
534667975.000	1977.614
534667985.000	1977.493
534667995.000	1968.400
534668004.000	1965.682
534668015.000	1957.515
534668025.000	1950.243
534668034.000	1942.558
534668044.000	1942.053
534668055.000	1937.431
534668065.000	1934.734
534668075.000	1932.741
534668085.000	1932.013
534668094.000	1929.633
534668104.000	1927.816
534668115.000	1917.759
534668124.000	1910.041
534668135.000	1904.252
534668145.000	1907.056
534668155.000	1902.691
534668165.000	1897.864
534668175.000	1885.564
534668185.000	1884.844
534668195.000	1885.019
534668205.000	1889.617
534668214.000	1888.221
534668224.000	1890.075
534668235.000	1890.974
534668244.000	1892.235
534668255.000	1884.301
534668265.000	1873.538
534668275.000	1859.364
534668285.000	1850.660
534668295.000	1837.765
534668304.000	1830.010
534668315.000	1821.066
534668324.000	1809.771
534668335.000	1796.276
534668345.000	1774.807
534668355.000	1751.303
534668365.000	1728.899
534668374.000	1716.449
534668385.000	1697.722
534668395.000	1678.512
534668404.000	1659.052
534668414.000	1649.231
534668425.000	1638.246
534668434.000	1635.690
534668445.000	1632.010
534668455.000	1631.966
534668464.000	1626.673
534668474.000	1625.883
534668485.000	1621.264
534668495.000	1614.581
534668505.000	1598.827
534668515.000	1584.963
534668524.000	1566.990
534668534.000	1554.469
534668545.000	1538.588
534668554.000	1528.494
534668564.000	1511.452
534668575.000	1500.729
534668584.000	1487.325
534668594.000	1481.870
534668605.000	1471.968
534668614.000	1457.574
534668625.000	0.000
WeldID:	2979	WeldType nr:	0	WeldError	0	RincoStatus:	0x0	WeldEnd:	0x4	DisplAfterWeld:0.745	DisplAfterCool:0.820	FrameNumber: 05	StringerNumber: 03	SpotNumber: 01
3288005.000	0.000
3288006.000	40.481
3288015.000	173.575
3288026.000	372.613
3288035.000	593.953
3288046.000	833.794
3288056.000	1062.783
3288065.000	1238.624
3288076.000	1358.652
3288086.000	1438.934
3288095.000	1505.548
3288106.000	1571.671
3288116.000	1638.771
3288126.000	1701.941
3288135.000	1755.162
3288146.000	1799.361
3288156.000	1838.788
3288165.000	1877.434
3288176.000	1916.115
3288186.000	1949.979
3288195.000	1975.799
3288206.000	2000.574
3288215.000	2019.522
3288225.000	2032.201
3288236.000	2032.809
3288246.000	2030.968
3288255.000	2029.206
3288266.000	2031.772
3288275.000	2029.230
3288285.000	2026.054
3288296.000	2018.631
3288305.000	2016.800
3288316.000	2015.606
3288326.000	2009.434
3288335.000	2002.925
3288346.000	1998.471
3288356.000	2000.343
3288365.000	2000.745
3288375.000	1999.408
3288386.000	1994.101
3288395.000	1991.603
3288405.000	1989.036
3288416.000	1984.119
3288425.000	1977.102
3288435.000	1971.511
3288446.000	1971.615
3288455.000	1969.439
3288466.000	1968.894
3288476.000	1962.161
3288485.000	1960.117
3288495.000	1956.615
3288506.000	1955.675
3288515.000	1949.737
3288525.000	1947.104
3288535.000	1946.413
3288546.000	1948.542
3288556.000	1951.404
3288566.000	1949.378
3288575.000	1950.889
3288585.000	1949.586
3288595.000	1950.216
3288605.000	1948.102
3288616.000	1945.345
3288625.000	1948.647
3288635.000	1949.566
3288645.000	1952.953
3288656.000	1951.197
3288665.000	1953.932
3288675.000	1958.315
3288686.000	1964.068
3288695.000	1966.321
3288706.000	1967.334
3288716.000	1974.093
3288725.000	1979.095
3288736.000	1985.889
3288746.000	1985.078
3288755.000	1987.227
3288766.000	1990.261
3288775.000	1992.492
3288785.000	1994.170
3288795.000	1992.785
3288806.000	1997.213
3288815.000	1996.850
3288826.000	1997.484
3288835.000	1989.919
3288845.000	1982.877
3288855.000	1974.729
3288865.000	1963.744
3288875.000	1949.286
3288886.000	1929.062
3288895.000	1914.516
3288905.000	1897.840
3288916.000	1881.099
3288925.000	1857.223
3288935.000	1834.016
3288946.000	1811.828
3288955.000	1788.362
3288966.000	1761.137
3288976.000	1727.229
3288985.000	1688.623
3288996.000	1685.878
3289006.000	1705.240
3289015.000	1727.880
3289025.000	1717.689
3289036.000	1690.940
3289045.000	1661.495
3289055.000	1655.528
3289066.000	1646.806
3289075.000	1652.022
3289085.000	1642.441
3289095.000	1633.055
3289105.000	1611.639
3289115.000	1587.345
3289126.000	1570.220
3289135.000	1558.598
3289146.000	1552.276
3289156.000	1545.248
3289165.000	1544.897
3289175.000	1554.919
3289186.000	1570.344
3289195.000	1584.948
3289206.000	1599.132
3289215.000	1612.574
3289225.000	1621.571
3289235.000	1619.997
3289245.000	1614.063
3289255.000	1609.981
3289265.000	1609.022
3289275.000	1607.210
3289285.000	1603.497
3289295.000	1592.500
3289305.000	1579.802
3289315.000	1567.665
3289326.000	1561.261
3289335.000	1555.179
3289345.000	1551.336
3289355.000	1548.918
3289365.000	1546.548
3289375.000	1543.456
3289386.000	1539.479
3289395.000	1538.021
3289406.000	1537.636
3289415.000	1539.019
3289425.000	1540.945
3289436.000	1541.475
3289445.000	1547.337
3289455.000	1553.461
3289466.000	1557.561
3289475.000	1557.483
3289486.000	1559.578
3289496.000	1569.774
3289505.000	1597.094
3289516.000	1623.768
3289525.000	1641.252
3289535.000	1643.324
3289546.000	1642.420
3289555.000	1643.180
3289565.000	1638.742
3289576.000	1633.493
3289585.000	1625.760
3289595.000	1617.383
3289605.000	1607.070
3289615.000	1607.070
3289715.000	0.000
