WeldID:	2760	WeldType nr:	0	WeldError	0	RincoStatus:	0x0	WeldEnd:	0x4	DisplAfterWeld:0.798	DisplAfterCool:0.900	FrameNumber: 06	StringerNumber: 25	SpotNumber: 01
454191505.000	0.000
454191507.000	25.587
454191515.000	98.355
454191525.000	213.708
454191535.000	375.677
454191545.000	603.989
454191555.000	915.560
454191565.000	1199.518
454191575.000	1404.683
454191585.000	1494.104
454191595.000	1535.753
454191605.000	1575.846
454191616.000	1627.514
454191625.000	1678.233
454191635.000	1717.289
454191645.000	1741.351
454191655.000	1758.543
454191665.000	1768.753
454191675.000	1778.139
454191685.000	1777.106
454191695.000	1772.604
454191706.000	1764.792
454191715.000	1753.234
454191726.000	1735.929
454191736.000	1713.099
454191745.000	1693.321
454191755.000	1678.204
454191766.000	1666.198
454191775.000	1649.579
454191786.000	1630.140
454191795.000	1609.054
454191805.000	1584.786
454191815.000	1561.381
454191825.000	1534.064
454191835.000	1513.823
454191845.000	1495.118
454191856.000	1478.497
454191865.000	1456.662
454191875.000	1435.637
454191886.000	1415.115
454191895.000	1400.005
454191906.000	1385.977
454191916.000	1369.497
454191925.000	1355.894
454191936.000	1340.926
454191945.000	1327.599
454191955.000	1312.300
454191966.000	1295.365
454191975.000	1283.831
454191985.000	1274.087
454191995.000	1267.350
454192005.000	1257.678
454192015.000	1246.624
454192026.000	1241.473
454192035.000	1237.565
454192045.000	1236.864
454192056.000	1235.077
454192065.000	1238.307
454192075.000	1242.079
454192085.000	1247.875
454192095.000	1253.370
454192105.000	1259.689
454192116.000	1270.890
454192125.000	1284.222
454192136.000	1300.573
454192146.000	1314.005
454192155.000	1329.346
454192166.000	1346.328
454192175.000	1364.017
454192185.000	1378.519
454192195.000	1387.233
454192205.000	1396.129
454192215.000	1405.028
454192226.000	1414.885
454192235.000	1421.169
454192245.000	1425.632
454192255.000	1430.969
454192265.000	1438.696
454192275.000	1448.409
454192286.000	1456.905
454192295.000	1468.648
454192305.000	1480.212
454192315.000	1493.817
454192325.000	1506.525
454192335.000	1519.113
454192346.000	1534.866
454192355.000	1548.443
454192365.000	1561.719
454192376.000	1570.427
454192385.000	1580.763
454192395.000	1593.659
454192406.000	1608.653
454192415.000	1621.795
454192425.000	1632.968
454192436.000	1647.743
454192445.000	1662.258
454192455.000	1680.065
454192465.000	1693.006
454192475.000	1708.999
454192486.000	1726.268
454192495.000	1746.357
454192505.000	1765.667
454192515.000	1783.744
454192526.000	1806.613
454192535.000	1830.429
454192546.000	1856.987
454192555.000	1877.670
454192565.000	1899.690
454192576.000	1921.859
454192585.000	1946.964
454192595.000	1968.991
454192606.000	1988.244
454192615.000	2007.974
454192625.000	2034.168
454192636.000	2056.136
454192645.000	2075.011
454192656.000	2087.042
454192665.000	2104.504
454192675.000	2121.378
454192685.000	2140.036
454192695.000	2153.735
454192705.000	2173.562
454192715.000	2198.733
454192725.000	2225.859
454192735.000	2249.227
454192746.000	2263.670
454192755.000	2272.378
454192766.000	2265.222
454192775.000	2252.021
454192785.000	2225.115
454192795.000	2185.887
454192805.000	2156.167
454192815.000	2129.752
454192826.000	2120.053
454192835.000	2124.215
454192845.000	2148.219
454192856.000	2182.773
454192865.000	2215.198
454192875.000	2237.192
454192886.000	2245.241
454192895.000	2249.023
454192905.000	2250.634
454192916.000	2246.651
454192925.000	2242.406
454192935.000	2243.829
454192946.000	2263.868
454192955.000	2280.148
454192965.000	2294.917
454192976.000	2293.236
454192985.000	2293.256
454192995.000	2290.098
454193005.000	2277.676
454193015.000	2261.308
454193025.000	2236.628
454193035.000	2220.525
454193045.000	2199.615
454193056.000	2181.032
454193065.000	2153.823
454193075.000	2128.057
454193086.000	2096.178
454193095.000	2076.159
454193105.000	2057.995
454193116.000	2057.995
454193217.000	0.000
WeldID:	2780	WeldType nr:	0	WeldError	0	RincoStatus:	0x0	WeldEnd:	0x4	DisplAfterWeld:0.888	DisplAfterCool:1.020	FrameNumber: 06	StringerNumber: 25	SpotNumber: 01
456307005.000	0.000
456307006.000	37.769
456307016.000	108.379
456307026.000	208.935
456307035.000	325.560
456307046.000	471.702
456307056.000	625.888
456307065.000	762.423
456307075.000	866.385
456307086.000	923.696
456307095.000	964.326
456307105.000	997.753
456307116.000	1034.823
456307125.000	1066.079
456307135.000	1098.344
456307146.000	1125.786
456307155.000	1152.531
456307165.000	1173.948
456307176.000	1195.495
456307185.000	1214.875
456307196.000	1233.165
456307206.000	1245.097
456307215.000	1256.668
456307225.000	1267.442
456307236.000	1279.774
456307245.000	1287.359
456307256.000	1297.277
456307266.000	1307.442
456307275.000	1318.325
456307285.000	1324.812
456307296.000	1329.536
456307305.000	1335.150
456307316.000	1340.794
456307326.000	1344.652
456307335.000	1345.106
456307345.000	1345.220
456307356.000	1346.172
456307365.000	1344.053
456307375.000	1341.176
456307386.000	1334.645
456307395.000	1331.267
456307405.000	1328.314
456307415.000	1326.411
456307425.000	1322.577
456307436.000	1318.893
456307445.000	1317.257
456307455.000	1315.207
456307466.000	1314.278
456307475.000	1309.820
456307485.000	1307.781
456307496.000	1305.400
456307505.000	1306.456
456307515.000	1304.847
456307525.000	1304.932
456307535.000	1307.509
456307546.000	1311.149
456307556.000	1311.524
456307565.000	1309.651
456307576.000	1311.162
456307586.000	1313.688
456307595.000	1316.623
456307606.000	1314.794
456307615.000	1312.116
456307625.000	1309.985
456307636.000	1307.075
456307645.000	1303.344
456307655.000	1295.731
456307666.000	1289.672
456307675.000	1284.344
456307685.000	1281.541
456307696.000	1276.432
456307705.000	1273.150
456307715.000	1272.551
456307726.000	1274.361
456307735.000	1276.258
456307745.000	1277.350
456307756.000	1278.440
456307765.000	1283.132
456307775.000	1287.378
456307786.000	1291.844
456307795.000	1292.536
456307806.000	1296.886
456307816.000	1300.687
456307825.000	1306.324
456307836.000	1308.251
456307846.000	1313.202
456307855.000	1318.212
456307865.000	1323.647
456307876.000	1327.148
456307885.000	1328.020
456307895.000	1330.903
456307906.000	1332.866
456307915.000	1335.163
456307925.000	1334.966
456307936.000	1334.003
456307945.000	1334.940
456307956.000	1334.810
456307966.000	1334.162
456307975.000	1329.412
456307985.000	1328.069
456307996.000	1326.585
456308005.000	1329.511
456308015.000	1329.841
456308026.000	1333.332
456308035.000	1338.092
456308045.000	1341.119
456308056.000	1344.160
456308065.000	1344.592
456308076.000	1347.253
456308085.000	1349.865
456308095.000	1354.908
456308105.000	1356.655
456308115.000	1357.779
456308125.000	1359.892
456308136.000	1363.760
456308145.000	1370.792
456308156.000	1378.559
456308166.000	1391.725
456308175.000	1410.545
456308185.000	1431.268
456308196.000	1452.718
456308205.000	1473.762
456308216.000	1502.205
456308226.000	1534.958
456308235.000	1575.274
456308246.000	1618.039
456308256.000	1668.971
456308265.000	1725.394
456308275.000	1788.412
456308286.000	1858.262
456308295.000	1930.043
456308305.000	1996.272
456308315.000	2036.503
456308325.000	2058.109
456308336.000	2062.668
456308345.000	2060.856
456308355.000	2062.413
456308365.000	2064.810
456308376.000	2066.410
456308385.000	2062.731
456308396.000	2063.947
456308405.000	2065.192
456308415.000	2066.732
456308425.000	2062.512
456308435.000	2056.879
456308445.000	2053.340
456308456.000	2050.240
456308465.000	2049.537
456308476.000	2042.243
456308486.000	2037.265
456308495.000	2032.328
456308505.000	2028.114
456308515.000	2020.177
456308525.000	2006.944
456308536.000	1999.813
456308545.000	1989.143
456308555.000	1980.612
456308566.000	1968.669
456308575.000	1960.473
456308585.000	1955.479
456308595.000	1953.909
456308606.000	1947.900
456308615.000	1935.669
456308625.000	1935.669
456308725.000	0.000
