WeldID:	2210	WeldType nr:	2	WeldError	0	RincoStatus:	0x0	WeldEnd:	0x4	DisplAfterWeld:0.540	DisplAfterCool:0.630	FrameNumber: 12	StringerNumber: 24	SpotNumber: 05
105171504.000	0.000
105171505.000	25.525
105171514.000	77.177
105171525.000	150.220
105171534.000	229.472
105171544.000	342.454
105171555.000	481.844
105171564.000	625.082
105171575.000	740.126
105171585.000	823.944
105171594.000	902.536
105171604.000	981.994
105171615.000	1038.590
105171625.000	1077.254
105171634.000	1107.040
105171645.000	1134.487
105171655.000	1156.020
105171664.000	1173.583
105171675.000	1188.622
105171685.000	1209.737
105171695.000	1232.839
105171705.000	1252.019
105171715.000	1257.309
105171724.000	1250.778
105171735.000	1238.182
105171745.000	1220.879
105171754.000	1203.673
105171764.000	1189.404
105171775.000	1180.089
105171784.000	1170.186
105171795.000	1160.610
105171805.000	1145.404
105171814.000	1125.735
105171824.000	1104.091
105171835.000	1083.805
105171844.000	1065.590
105171855.000	1052.152
105171865.000	1043.543
105171874.000	1038.129
105171884.000	1032.888
105171895.000	1028.670
105171904.000	1026.017
105171915.000	1025.726
105171925.000	1026.449
105171934.000	1027.352
105171945.000	1028.339
105171955.000	1028.605
105171964.000	1030.254
105171974.000	1030.934
105171985.000	1032.327
105171994.000	1031.922
105172004.000	1031.649
105172015.000	1030.968
105172024.000	1027.494
105172034.000	1023.013
105172045.000	1017.573
105172055.000	1017.084
105172065.000	1016.442
105172075.000	1017.005
105172084.000	1013.070
105172094.000	1008.946
105172105.000	1001.847
105172114.000	994.731
105172124.000	988.647
105172135.000	983.650
105172144.000	979.183
105172154.000	971.842
105172165.000	964.109
105172174.000	954.868
105172185.000	947.916
105172194.000	940.515
105172204.000	935.083
105172214.000	930.287
105172224.000	924.346
105172235.000	920.496
105172245.000	912.945
105172254.000	909.392
105172264.000	902.136
105172275.000	899.623
105172284.000	894.765
105172294.000	892.936
105172304.000	890.826
105172315.000	888.785
105172325.000	888.903
105172334.000	886.099
105172344.000	882.489
105172355.000	876.048
105172364.000	874.383
105172375.000	874.595
105172384.000	875.201
105172395.000	872.699
105172405.000	868.246
105172414.000	862.344
105172424.000	855.959
105172435.000	848.871
105172444.000	843.017
105172455.000	836.178
105172464.000	832.999
105172474.000	829.199
105172484.000	827.938
105172495.000	825.736
105172504.000	826.772
105172514.000	826.518
105172525.000	827.634
105172534.000	829.689
105172545.000	830.372
105172555.000	833.172
105172564.000	832.936
105172574.000	833.919
105172585.000	832.398
105172594.000	832.197
105172605.000	833.144
105172615.000	834.020
105172624.000	834.724
105172635.000	834.834
105172644.000	836.162
105172654.000	836.761
105172665.000	837.254
105172674.000	839.529
105172685.000	842.104
105172695.000	846.681
105172704.000	851.301
105172715.000	856.687
105172725.000	860.164
105172734.000	865.303
105172745.000	871.058
105172754.000	876.749
105172764.000	881.569
105172775.000	883.298
105172784.000	886.845
105172795.000	891.832
105172804.000	898.753
105172814.000	904.698
105172825.000	908.390
105172834.000	911.602
105172844.000	914.917
105172855.000	921.108
105172864.000	928.612
105172875.000	937.684
105172885.000	944.347
105172894.000	955.317
105172904.000	964.562
105172915.000	975.777
105172924.000	985.392
105172934.000	996.145
105172945.000	1007.501
105172954.000	1016.285
105172965.000	1027.071
105172974.000	1037.791
105172984.000	1049.015
105172995.000	1057.853
105173004.000	1065.251
105173014.000	1075.328
105173025.000	1085.310
105173034.000	1099.110
105173045.000	1112.143
105173054.000	1128.580
105173065.000	1145.252
105173075.000	1160.417
105173084.000	1173.150
105173094.000	1185.030
105173105.000	1200.299
105173114.000	1217.175
105173124.000	1233.741
105173135.000	1250.124
105173144.000	1264.672
105173154.000	1272.167
105173165.000	1268.453
105173174.000	1255.085
105173184.000	1236.718
105173195.000	1220.096
105173204.000	1220.096
105173305.000	0.000
WeldID:	2215	WeldType nr:	0	WeldError	0	RincoStatus:	0x0	WeldEnd:	0x4	DisplAfterWeld:1.010	DisplAfterCool:1.150	FrameNumber: 12	StringerNumber: 24	SpotNumber: 05
106080505.000	0.000
106080506.000	44.606
106080514.000	132.556
106080525.000	248.923
106080535.000	369.960
106080544.000	496.305
106080555.000	628.965
106080565.000	731.667
106080575.000	804.907
106080585.000	850.714
106080595.000	897.302
106080604.000	941.888
106080615.000	987.362
106080625.000	1024.915
106080634.000	1051.935
106080645.000	1067.578
106080655.000	1078.976
106080664.000	1091.087
106080675.000	1107.106
106080685.000	1121.396
106080695.000	1132.587
106080705.000	1138.966
106080714.000	1142.344
106080725.000	1146.590
106080735.000	1151.494
106080744.000	1158.137
106080755.000	1162.888
106080765.000	1165.631
106080774.000	1167.423
106080785.000	1167.894
106080795.000	1168.040
106080805.000	1166.835
106080815.000	1166.001
106080825.000	1167.476
106080835.000	1168.202
106080845.000	1169.524
106080854.000	1166.138
106080865.000	1164.524
106080875.000	1161.722
106080884.000	1160.513
106080894.000	1159.852
106080905.000	1157.150
106080914.000	1157.034
106080925.000	1155.609
106080935.000	1156.761
106080945.000	1155.395
106080955.000	1155.122
106080964.000	1155.406
106080975.000	1156.493
106080985.000	1157.808
106080994.000	1157.872
106081005.000	1161.198
106081015.000	1163.732
106081024.000	1166.055
106081035.000	1164.796
106081045.000	1163.416
106081054.000	1163.628
106081065.000	1164.008
106081074.000	1165.123
106081085.000	1163.113
106081095.000	1162.087
106081104.000	1160.635
106081115.000	1158.594
106081125.000	1157.261
106081134.000	1153.096
106081145.000	1152.206
106081155.000	1150.799
106081164.000	1151.427
106081175.000	1148.721
106081185.000	1146.591
106081194.000	1145.273
106081205.000	1145.494
106081215.000	1145.453
106081225.000	1144.615
106081235.000	1143.147
106081245.000	1142.748
106081254.000	1142.984
106081265.000	1142.706
106081275.000	1140.099
106081284.000	1137.630
106081295.000	1135.459
106081305.000	1135.126
106081314.000	1133.102
106081325.000	1129.049
106081335.000	1127.201
106081344.000	1124.793
106081355.000	1123.380
106081364.000	1118.458
106081375.000	1114.957
106081384.000	1111.384
106081394.000	1107.917
106081405.000	1101.831
106081414.000	1093.492
106081425.000	1090.528
106081434.000	1086.031
106081445.000	1082.948
106081455.000	1076.075
106081464.000	1068.892
106081475.000	1064.559
106081485.000	1060.875
106081494.000	1057.966
106081504.000	1052.446
106081515.000	1048.603
106081524.000	1046.849
106081535.000	1043.237
106081545.000	1038.244
106081554.000	1031.728
106081564.000	1027.356
106081575.000	1026.156
106081584.000	1023.507
106081595.000	1018.309
106081605.000	1012.180
106081615.000	1009.722
106081625.000	1010.743
106081634.000	1009.390
106081644.000	1003.325
106081655.000	1002.186
106081664.000	997.369
106081675.000	998.617
106081685.000	995.213
106081694.000	996.242
106081705.000	994.234
106081715.000	992.991
106081724.000	990.152
106081734.000	990.401
106081745.000	996.345
106081754.000	1006.503
106081765.000	1017.091
106081775.000	1025.607
106081785.000	1035.309
106081795.000	1045.590
106081805.000	1057.402
106081814.000	1071.159
106081825.000	1084.071
106081835.000	1101.158
106081845.000	1117.958
106081855.000	1136.235
106081865.000	1150.681
106081874.000	1162.997
106081885.000	1175.785
106081895.000	1185.034
106081905.000	1193.685
106081915.000	1195.788
106081925.000	1198.630
106081934.000	1200.624
106081945.000	1202.073
106081954.000	1200.872
106081964.000	1195.638
106081975.000	1176.862
106081984.000	1141.337
106081995.000	1099.271
106082005.000	1071.843
106082014.000	1063.971
106082025.000	1069.175
106082035.000	1074.258
106082044.000	1078.021
106082055.000	1076.452
106082065.000	1077.618
106082074.000	1078.029
106082084.000	1080.121
106082095.000	1077.746
106082104.000	1077.746
106082205.000	0.000
