WeldID:	3433	WeldType nr:	1	WeldError	0	RincoStatus:	0x0	WeldEnd:	0x4	DisplAfterWeld:0.423	DisplAfterCool:0.590	FrameNumber: 07	StringerNumber: 06	SpotNumber: 02
437339005.000	0.000
437339006.000	27.268
437339014.000	62.112
437339025.000	112.108
437339035.000	156.140
437339045.000	217.577
437339055.000	280.686
437339065.000	332.730
437339075.000	372.610
437339085.000	397.762
437339094.000	425.957
437339105.000	455.083
437339115.000	492.304
437339125.000	529.243
437339134.000	562.540
437339145.000	590.725
437339155.000	621.977
437339165.000	662.302
437339175.000	701.681
437339185.000	738.664
437339194.000	771.909
437339205.000	803.816
437339215.000	836.226
437339225.000	868.528
437339234.000	905.161
437339245.000	944.199
437339255.000	985.788
437339264.000	1022.859
437339275.000	1058.175
437339285.000	1089.070
437339294.000	1114.809
437339305.000	1135.209
437339315.000	1147.057
437339324.000	1156.695
437339334.000	1166.707
437339345.000	1178.371
437339354.000	1192.453
437339365.000	1208.982
437339375.000	1229.482
437339384.000	1252.775
437339395.000	1276.121
437339405.000	1291.854
437339415.000	1303.266
437339425.000	1310.719
437339435.000	1318.338
437339444.000	1324.066
437339455.000	1326.931
437339465.000	1333.044
437339474.000	1343.088
437339485.000	1357.588
437339495.000	1372.367
437339504.000	1387.086
437339515.000	1404.751
437339525.000	1422.862
437339534.000	1438.497
437339545.000	1450.847
437339555.000	1460.673
437339565.000	1471.833
437339576.000	1482.275
437339585.000	1492.024
437339595.000	1498.889
437339604.000	1508.663
437339615.000	1522.492
437339625.000	1539.778
437339635.000	1555.248
437339645.000	1566.961
437339655.000	1578.576
437339664.000	1586.028
437339675.000	1591.357
437339685.000	1590.201
437339695.000	1587.916
437339705.000	1587.521
437339715.000	1586.141
437339725.000	1587.053
437339735.000	1586.582
437339744.000	1592.338
437339755.000	1599.397
437339764.000	1605.322
437339775.000	1606.546
437339785.000	1606.879
437339794.000	1607.873
437339805.000	1606.315
437339814.000	1603.384
437339825.000	1594.936
437339835.000	1588.141
437339844.000	1585.157
437339855.000	1584.159
437339865.000	1582.847
437339874.000	1579.394
437339885.000	1581.869
437339896.000	1585.088
437339905.000	1586.757
437339915.000	1582.130
437339925.000	1573.948
437339934.000	1568.094
437339945.000	1561.767
437339954.000	1554.177
437339965.000	1542.071
437339975.000	1533.355
437339985.000	1527.163
437339995.000	1524.113
437340004.000	1521.380
437340015.000	1515.352
437340025.000	1513.151
437340035.000	1508.169
437340045.000	1503.466
437340055.000	1490.964
437340064.000	1479.853
437340075.000	1469.470
437340085.000	1459.596
437340094.000	1452.106
437340105.000	1441.130
437340114.000	1438.374
437340125.000	1436.169
437340135.000	1438.044
437340144.000	1434.094
437340154.000	1430.334
437340165.000	1428.019
437340174.000	1423.388
437340184.000	1419.587
437340195.000	1409.031
437340204.000	1398.682
437340215.000	1393.125
437340225.000	1387.623
437340235.000	1386.105
437340245.000	1380.710
437340255.000	1379.752
437340264.000	1379.862
437340275.000	1382.734
437340285.000	1381.632
437340294.000	1378.703
437340305.000	1378.251
437340315.000	1376.558
437340324.000	1377.654
437340335.000	1372.589
437340345.000	1371.913
437340354.000	1374.089
437340365.000	1379.963
437340375.000	1385.746
437340384.000	1390.324
437340395.000	1396.990
437340405.000	1404.274
437340414.000	1412.995
437340425.000	1417.293
437340435.000	0.000
WeldID:	3434	WeldType nr:	1	WeldError	0	RincoStatus:	0x0	WeldEnd:	0x4	DisplAfterWeld:0.450	DisplAfterCool:0.540	FrameNumber: 07	StringerNumber: 06	SpotNumber: 02
437425005.000	0.000
437425006.000	39.017
437425014.000	128.726
437425025.000	245.346
437425035.000	357.206
437425045.000	479.317
437425055.000	597.529
437425065.000	704.028
437425075.000	799.545
437425085.000	883.791
437425094.000	965.116
437425105.000	1044.152
437425115.000	1127.543
437425124.000	1194.353
437425134.000	1253.116
437425145.000	1282.651
437425154.000	1316.642
437425164.000	1351.279
437425175.000	1385.059
437425184.000	1413.570
437425195.000	1440.997
437425205.000	1466.569
437425215.000	1490.552
437425224.000	1512.398
437425235.000	1531.228
437425244.000	1551.246
437425255.000	1575.557
437425265.000	1600.804
437425274.000	1626.480
437425284.000	1645.281
437425295.000	1663.898
437425304.000	1679.600
437425315.000	1695.167
437425325.000	1702.665
437425335.000	1711.588
437425344.000	1723.597
437425355.000	1735.656
437425365.000	1745.908
437425374.000	1751.218
437425385.000	1764.624
437425394.000	1781.430
437425405.000	1799.644
437425415.000	1812.800
437425424.000	1823.689
437425435.000	1834.422
437425445.000	1841.486
437425455.000	1842.998
437425465.000	1839.114
437425474.000	1839.081
437425485.000	1847.058
437425494.000	1857.578
437425505.000	1867.596
437425514.000	1875.768
437425524.000	1890.170
437425535.000	1909.544
437425545.000	1928.696
437425555.000	1938.537
437425565.000	1945.937
437425574.000	1949.587
437425585.000	1954.446
437425595.000	1955.452
437425604.000	1955.848
437425615.000	1958.103
437425625.000	1971.052
437425634.000	1984.694
437425645.000	1995.749
437425655.000	2000.778
437425664.000	2008.814
437425675.000	2020.635
437425685.000	2029.128
437425694.000	2030.861
437425705.000	2028.644
437425715.000	2029.834
437425725.000	2033.763
437425735.000	2040.365
437425745.000	2042.784
437425754.000	2047.674
437425765.000	2059.893
437425775.000	2074.528
437425784.000	2086.395
437425795.000	2087.869
437425805.000	2093.667
437425814.000	2096.802
437425825.000	2104.532
437425835.000	2105.870
437425844.000	2110.363
437425855.000	2118.447
437425864.000	2129.561
437425875.000	2143.408
437425884.000	2152.220
437425895.000	2169.006
437425904.000	2189.660
437425915.000	2214.457
437425925.000	2234.707
437425934.000	2253.393
437425945.000	2272.415
437425955.000	2294.149
437425964.000	2311.509
437425975.000	2327.481
437425985.000	2342.709
437425994.000	2371.905
437426005.000	2399.338
437426015.000	2425.371
437426024.000	2445.974
437426035.000	2467.118
437426045.000	2495.848
437426055.000	2519.171
437426065.000	2537.138
437426075.000	2541.572
437426084.000	2552.545
437426095.000	2563.727
437426105.000	2576.819
437426115.000	2586.268
437426125.000	2598.413
437426135.000	2611.384
437426144.000	2623.828
437426155.000	2631.166
437426165.000	2632.614
437426174.000	2639.862
437426185.000	2649.245
437426195.000	2655.321
437426205.000	2651.507
437426215.000	2649.174
437426224.000	2651.197
437426234.000	2656.565
437426245.000	2657.318
437426254.000	2656.978
437426265.000	2661.579
437426275.000	2678.700
437426285.000	2695.896
437426295.000	2707.080
437426305.000	2718.323
437426314.000	2737.993
437426325.000	2766.771
437426335.000	2786.977
437426345.000	2802.585
437426355.000	2816.835
437426364.000	2834.754
437426374.000	2847.208
437426385.000	2855.249
437426395.000	2856.221
437426404.000	2863.111
437426415.000	2876.842
437426425.000	2886.056
437426434.000	2886.056
437426535.000	0.000
