WeldID:	2851	WeldType nr:	2	WeldError	0	RincoStatus:	0x0	WeldEnd:	0x4	DisplAfterWeld:0.780	DisplAfterCool:0.870	FrameNumber: 09	StringerNumber: 17	SpotNumber: 03
527004505.000	0.000
527004506.000	37.442
527004514.000	101.632
527004524.000	191.123
527004535.000	278.410
527004544.000	377.889
527004554.000	483.487
527004565.000	562.081
527004574.000	613.559
527004585.000	638.626
527004594.000	660.203
527004604.000	679.679
527004615.000	702.025
527004624.000	723.217
527004634.000	742.502
527004645.000	759.605
527004654.000	775.611
527004664.000	787.994
527004675.000	799.730
527004684.000	806.038
527004694.000	807.563
527004705.000	804.704
527004714.000	800.918
527004724.000	799.448
527004735.000	800.177
527004744.000	802.274
527004755.000	806.538
527004764.000	810.547
527004774.000	814.513
527004784.000	812.832
527004795.000	808.425
527004804.000	801.625
527004815.000	798.247
527004825.000	798.161
527004834.000	799.974
527004845.000	803.412
527004854.000	804.570
527004864.000	804.974
527004874.000	801.584
527004884.000	798.545
527004894.000	795.711
527004904.000	795.216
527004915.000	794.477
527004924.000	793.847
527004934.000	793.853
527004944.000	794.488
527004954.000	797.627
527004965.000	798.457
527004974.000	799.584
527004984.000	797.933
527004995.000	798.474
527005004.000	798.039
527005014.000	798.094
527005025.000	798.132
527005035.000	798.583
527005044.000	799.140
527005055.000	799.380
527005064.000	797.991
527005074.000	796.250
527005085.000	793.195
527005094.000	790.032
527005104.000	785.494
527005115.000	781.568
527005124.000	778.848
527005134.000	777.755
527005145.000	777.014
527005154.000	774.817
527005164.000	774.544
527005175.000	772.928
527005184.000	771.997
527005194.000	769.803
527005205.000	768.849
527005214.000	770.253
527005225.000	772.159
527005235.000	774.958
527005244.000	775.898
527005255.000	778.425
527005264.000	780.002
527005274.000	783.088
527005284.000	785.520
527005294.000	787.464
527005304.000	791.286
527005315.000	796.011
527005324.000	802.679
527005334.000	805.741
527005345.000	809.106
527005354.000	811.379
527005364.000	813.917
527005375.000	815.475
527005384.000	814.463
527005394.000	815.177
527005405.000	816.089
527005414.000	819.360
527005425.000	821.650
527005435.000	824.217
527005444.000	825.003
527005454.000	828.320
527005465.000	830.386
527005474.000	832.701
527005484.000	834.167
527005495.000	837.836
527005504.000	841.357
527005515.000	843.471
527005525.000	845.897
527005535.000	849.139
527005544.000	851.714
527005555.000	854.971
527005564.000	856.070
527005574.000	856.646
527005585.000	859.155
527005594.000	861.940
527005604.000	865.947
527005615.000	867.335
527005624.000	870.760
527005634.000	872.599
527005644.000	876.256
527005654.000	879.858
527005664.000	882.022
527005674.000	884.858
527005684.000	887.945
527005694.000	891.614
527005704.000	893.739
527005714.000	898.300
527005724.000	902.709
527005735.000	908.187
527005744.000	911.972
527005754.000	916.506
527005765.000	922.017
527005774.000	929.440
527005784.000	935.992
527005795.000	942.824
527005805.000	948.272
527005814.000	956.061
527005824.000	961.939
527005834.000	970.071
527005844.000	974.607
527005855.000	982.030
527005864.000	986.871
527005874.000	993.339
527005885.000	998.060
527005894.000	1002.098
527005904.000	1007.774
527005914.000	1013.696
527005924.000	1020.126
527005935.000	1023.480
527005944.000	1029.590
527005954.000	1036.925
527005964.000	1044.866
527005974.000	1050.352
527005984.000	1067.517
527005995.000	1094.937
527006004.000	1125.394
527006014.000	1147.745
527006025.000	1161.860
527006034.000	1171.964
527006044.000	1180.159
527006055.000	1183.961
527006064.000	1182.736
527006074.000	1176.391
527006085.000	1170.081
527006094.000	1162.727
527006104.000	1153.106
527006115.000	1142.687
527006124.000	1129.534
527006134.000	1118.585
527006145.000	1107.739
527006154.000	1097.940
527006165.000	1087.294
527006175.000	1074.876
527006184.000	1063.117
527006195.000	1051.130
527006204.000	1040.391
527006214.000	1026.845
527006225.000	1016.216
527006234.000	1005.706
527006244.000	996.840
527006254.000	986.782
527006264.000	976.662
527006274.000	970.701
527006285.000	0.000
WeldID:	2876	WeldType nr:	2	WeldError	0	RincoStatus:	0x0	WeldEnd:	0x4	DisplAfterWeld:1.360	DisplAfterCool:1.520	FrameNumber: 09	StringerNumber: 17	SpotNumber: 03
529446505.000	0.000
529446506.000	35.516
529446515.000	99.576
529446525.000	186.144
529446535.000	266.445
529446545.000	366.636
529446555.000	475.856
529446565.000	565.901
529446576.000	624.960
529446585.000	666.156
529446595.000	706.389
529446606.000	744.160
529446615.000	773.291
529446625.000	798.753
529446635.000	820.309
529446645.000	838.265
529446655.000	851.626
529446665.000	864.640
529446675.000	875.575
529446686.000	885.704
529446695.000	892.946
529446705.000	900.580
529446714.000	909.424
529446725.000	919.047
529446735.000	928.284
529446745.000	934.637
529446755.000	937.490
529446765.000	941.763
529446775.000	946.250
529446785.000	952.742
529446794.000	957.022
529446805.000	961.775
529446815.000	967.109
529446825.000	970.677
529446835.000	972.180
529446845.000	972.595
529446855.000	972.603
529446865.000	975.322
529446875.000	977.324
529446885.000	979.000
529446895.000	979.232
529446906.000	978.010
529446915.000	976.262
529446925.000	975.853
529446936.000	977.203
529446945.000	979.117
529446955.000	979.188
529446965.000	980.263
529446975.000	979.745
529446985.000	981.206
529446996.000	982.038
529447005.000	984.917
529447015.000	984.992
529447025.000	986.978
529447035.000	988.045
529447045.000	990.168
529447054.000	992.183
529447065.000	994.722
529447075.000	997.878
529447085.000	1001.212
529447095.000	1004.974
529447105.000	1008.990
529447115.000	1012.880
529447125.000	1015.798
529447135.000	1020.253
529447145.000	1026.601
529447155.000	1032.083
529447166.000	1038.478
529447175.000	1043.447
529447185.000	1050.930
529447194.000	1055.919
529447205.000	1061.687
529447215.000	1065.666
529447225.000	1072.071
529447235.000	1081.017
529447246.000	1089.457
529447255.000	1096.621
529447265.000	1103.278
529447276.000	1112.354
529447285.000	1119.464
529447295.000	1128.061
529447305.000	1133.712
529447315.000	1140.172
529447325.000	1148.919
529447335.000	1156.767
529447345.000	1166.346
529447355.000	1173.195
529447365.000	1182.845
529447375.000	1190.919
529447385.000	1201.108
529447395.000	1208.305
529447405.000	1215.622
529447415.000	1225.666
529447425.000	1234.728
529447434.000	1245.610
529447445.000	1255.480
529447455.000	1265.087
529447465.000	1274.665
529447475.000	1285.082
529447485.000	1293.241
529447495.000	1300.174
529447505.000	1307.104
529447516.000	1316.186
529447525.000	1324.238
529447535.000	1333.467
529447544.000	1341.042
529447555.000	1351.362
529447565.000	1360.729
529447575.000	1371.028
529447585.000	1378.308
529447596.000	1386.687
529447605.000	1398.694
529447615.000	1410.898
529447625.000	1418.822
529447635.000	1426.219
529447645.000	1436.542
529447656.000	1447.752
529447665.000	1453.781
529447675.000	1457.724
529447684.000	1459.588
529447695.000	1458.567
529447705.000	1450.750
529447715.000	1428.941
529447725.000	1398.233
529447735.000	1365.862
529447744.000	1337.990
529447755.000	1323.357
529447765.000	1332.665
529447774.000	1362.946
529447785.000	1408.375
529447795.000	1450.428
529447805.000	1472.036
529447815.000	1474.316
529447825.000	1477.127
529447835.000	1491.420
529447845.000	1516.840
529447855.000	1538.049
529447866.000	1556.160
529447875.000	1573.352
529447885.000	1587.443
529447895.000	1599.195
529447905.000	1602.780
529447915.000	1605.140
529447924.000	1608.187
529447935.000	1616.998
529447945.000	1609.710
529447955.000	1598.614
529447965.000	1587.280
529447975.000	1594.108
529447985.000	1603.934
529447995.000	1615.767
529448005.000	1628.778
529448015.000	1647.321
529448025.000	1666.930
529448035.000	1687.954
529448045.000	1709.978
529448055.000	1731.946
529448065.000	1753.284
529448075.000	1777.959
529448085.000	1803.815
529448095.000	1836.561
529448104.000	1871.882
529448115.000	1910.204
529448125.000	1946.120
529448134.000	1983.949
529448145.000	2016.605
529448155.000	2050.490
529448164.000	2074.628
529448175.000	2098.746
529448185.000	2114.302
529448195.000	2131.072
529448205.000	2125.545
529448215.000	2090.193
529448225.000	1999.501
529448235.000	1894.011
529448244.000	1809.621
529448255.000	1779.960
529448265.000	1781.979
529448275.000	1791.821
529448285.000	0.000
