WeldID:	2823	WeldType nr:	0	WeldError	0	RincoStatus:	0x0	WeldEnd:	0x4	DisplAfterWeld:1.236	DisplAfterCool:1.390	FrameNumber: 09	StringerNumber: 07	SpotNumber: 01
523487004.000	0.000
523487005.000	45.083
523487014.000	137.017
523487025.000	247.239
523487034.000	338.436
523487044.000	446.507
523487055.000	551.366
523487064.000	634.438
523487074.000	678.740
523487084.000	704.153
523487094.000	731.795
523487105.000	760.116
523487114.000	786.788
523487124.000	813.800
523487135.000	838.814
523487144.000	862.288
523487154.000	885.081
523487165.000	908.629
523487175.000	936.896
523487184.000	966.608
523487195.000	994.455
523487204.000	1022.377
523487214.000	1047.563
523487225.000	1072.207
523487234.000	1097.072
523487245.000	1121.991
523487255.000	1148.794
523487265.000	1175.051
523487274.000	1201.110
523487284.000	1221.872
523487295.000	1244.911
523487304.000	1265.784
523487315.000	1288.331
523487324.000	1306.484
523487334.000	1327.684
523487345.000	1348.440
523487354.000	1368.516
523487364.000	1388.320
523487375.000	1404.198
523487384.000	1422.250
523487394.000	1435.124
523487405.000	1450.079
523487414.000	1461.831
523487425.000	1472.935
523487435.000	1483.857
523487444.000	1494.521
523487454.000	1504.178
523487465.000	1512.971
523487474.000	1521.380
523487484.000	1531.031
523487495.000	1538.276
523487504.000	1546.549
523487515.000	1552.563
523487525.000	1559.067
523487534.000	1560.448
523487544.000	1556.584
523487555.000	1549.346
523487564.000	1547.414
523487574.000	1548.880
523487585.000	1548.745
523487594.000	1540.516
523487604.000	1528.581
523487615.000	1519.780
523487624.000	1512.708
523487634.000	1505.166
523487645.000	1493.494
523487654.000	1484.291
523487664.000	1478.863
523487675.000	1473.512
523487684.000	1467.388
523487695.000	1461.584
523487705.000	1462.959
523487714.000	1463.574
523487725.000	1467.420
523487734.000	1467.349
523487744.000	1472.794
523487755.000	1479.081
523487764.000	1486.648
523487774.000	1494.942
523487785.000	1501.367
523487795.000	1513.125
523487804.000	1523.833
523487814.000	1536.608
523487825.000	1544.016
523487834.000	1554.625
523487845.000	1566.724
523487854.000	1580.654
523487864.000	1592.201
523487875.000	1603.197
523487884.000	1619.241
523487894.000	1633.667
523487905.000	1650.288
523487914.000	1664.068
523487924.000	1683.444
523487935.000	1706.161
523487944.000	1725.440
523487954.000	1745.072
523487965.000	1763.632
523487974.000	1784.372
523487984.000	1804.373
523487995.000	1821.596
523488004.000	1836.816
523488014.000	1849.271
523488025.000	1866.539
523488034.000	1880.883
523488045.000	1891.722
523488054.000	1894.760
523488064.000	1896.277
523488075.000	1895.048
523488085.000	1885.283
523488094.000	1867.009
523488104.000	1838.751
523488115.000	1812.502
523488124.000	1795.141
523488134.000	1775.080
523488145.000	1738.908
523488155.000	1696.395
523488164.000	1651.493
523488175.000	1612.777
523488185.000	1566.601
523488194.000	1524.442
523488204.000	1488.534
523488215.000	1453.882
523488224.000	1420.159
523488235.000	1390.052
523488245.000	1367.694
523488254.000	1346.720
523488264.000	1329.227
523488275.000	1313.360
523488284.000	1295.222
523488295.000	1283.057
523488305.000	1272.099
523488314.000	1264.861
523488325.000	1256.856
523488335.000	1251.795
523488344.000	1251.349
523488354.000	1250.426
523488364.000	1248.794
523488374.000	1247.007
523488385.000	1249.535
523488394.000	1254.453
523488405.000	1262.901
523488415.000	1272.366
523488424.000	1283.081
523488434.000	1297.655
523488444.000	1313.356
523488454.000	1330.091
523488465.000	1341.819
523488474.000	1353.422
523488485.000	1367.228
523488495.000	1381.701
523488504.000	1394.169
523488514.000	1403.142
523488525.000	1416.406
523488535.000	1428.811
523488545.000	1441.951
523488554.000	1450.200
523488564.000	1458.275
523488574.000	1467.658
523488584.000	1477.746
523488594.000	1487.391
523488604.000	1495.269
523488614.000	1503.245
523488625.000	0.000
WeldID:	2829	WeldType nr:	0	WeldError	0	RincoStatus:	0x0	WeldEnd:	0x4	DisplAfterWeld:2.186	DisplAfterCool:2.380	FrameNumber: 09	StringerNumber: 07	SpotNumber: 01
524534504.000	0.000
524534506.000	42.489
524534514.000	122.142
524534525.000	236.249
524534534.000	359.967
524534544.000	545.484
524534555.000	761.220
524534564.000	972.470
524534574.000	1125.821
524534585.000	1216.359
524534594.000	1254.687
524534605.000	1267.156
524534615.000	1287.650
524534624.000	1326.325
524534635.000	1369.960
524534645.000	1413.603
524534654.000	1454.536
524534665.000	1503.041
524534675.000	1556.895
524534684.000	1609.830
524534694.000	1660.433
524534705.000	1709.546
524534714.000	1762.504
524534724.000	1820.036
524534735.000	1876.610
524534744.000	1941.999
524534754.000	2007.403
524534765.000	2071.716
524534774.000	2109.157
524534785.000	2120.179
524534795.000	2124.689
524534804.000	2135.765
524534815.000	2153.411
524534825.000	2164.483
524534834.000	2169.230
524534844.000	2175.162
524534855.000	2184.776
524534864.000	2197.494
524534874.000	2205.971
524534885.000	2212.831
524534894.000	2223.957
524534904.000	2240.798
524534915.000	2258.443
524534924.000	2248.934
524534934.000	2183.878
524534945.000	2084.132
524534954.000	2003.276
524534965.000	1975.604
524534975.000	1982.842
524534984.000	2013.124
524534995.000	2052.820
524535005.000	2097.982
524535014.000	2152.470
524535024.000	2215.385
524535035.000	2294.400
524535045.000	2363.863
524535054.000	2430.427
524535064.000	2487.241
524535074.000	2547.356
524535085.000	2601.176
524535095.000	2634.765
524535104.000	2649.566
524535114.000	2648.095
524535125.000	2648.310
524535134.000	2649.716
524535145.000	2645.228
524535155.000	2634.447
524535164.000	2619.035
524535175.000	2601.833
524535185.000	2576.654
524535194.000	2526.021
524535204.000	2459.522
524535215.000	2377.169
524535224.000	2298.923
524535235.000	2210.154
524535245.000	2100.488
524535254.000	1998.995
524535265.000	1926.527
524535275.000	1915.370
524535284.000	1928.425
524535295.000	1955.590
524535304.000	1997.611
524535314.000	2044.858
524535325.000	2083.569
524535334.000	2078.555
524535345.000	2051.581
524535355.000	2039.230
524535364.000	2054.679
524535374.000	2088.637
524535385.000	2109.041
524535394.000	2116.859
524535405.000	2103.406
524535415.000	2065.590
524535424.000	1990.901
524535435.000	1875.578
524535445.000	1734.728
524535454.000	1631.922
524535465.000	1574.122
524535474.000	1560.614
524535485.000	1565.447
524535495.000	1586.336
524535504.000	1581.550
524535515.000	1538.491
524535525.000	1466.425
524535534.000	1399.966
524535544.000	1357.014
524535555.000	1317.252
524535564.000	1280.306
524535575.000	1247.914
524535585.000	1221.684
524535594.000	1196.538
524535604.000	1170.941
524535615.000	1149.227
524535624.000	1129.426
524535635.000	1112.357
524535645.000	1099.809
524535654.000	1090.812
524535665.000	1088.949
524535675.000	1097.660
524535684.000	1100.192
524535694.000	1090.944
524535705.000	1067.041
524535714.000	1050.870
524535725.000	1043.930
524535735.000	1047.723
524535744.000	1060.401
524535755.000	1049.043
524535765.000	1029.096
524535774.000	996.241
524535785.000	987.904
524535795.000	986.465
524535804.000	989.879
524535815.000	995.234
524535825.000	999.327
524535834.000	1003.191
524535845.000	1001.256
524535855.000	999.365
524535864.000	996.829
524535875.000	993.778
524535884.000	988.104
524535895.000	981.074
524535905.000	972.226
524535914.000	965.498
524535925.000	956.401
524535934.000	946.296
524535945.000	935.671
524535954.000	926.050
524535964.000	917.787
524535975.000	909.369
524535984.000	899.053
524535994.000	890.822
524536005.000	883.123
524536015.000	876.869
524536025.000	869.775
524536035.000	862.119
524536044.000	855.446
524536054.000	847.004
524536065.000	837.964
524536074.000	824.553
524536085.000	809.494
524536094.000	794.730
524536104.000	785.229
524536115.000	785.229
524536216.000	0.000
