WeldID:	2660	WeldType nr:	2	WeldError	0	RincoStatus:	0x0	WeldEnd:	0x4	DisplAfterWeld:0.790	DisplAfterCool:0.944	FrameNumber: 10	StringerNumber: 11	SpotNumber: 04
438065005.000	0.000
438065006.000	45.677
438065015.000	130.480
438065026.000	250.253
438065035.000	363.015
438065046.000	496.823
438065055.000	626.210
438065065.000	737.072
438065075.000	814.311
438065085.000	867.500
438065095.000	913.505
438065105.000	960.446
438065115.000	1002.266
438065126.000	1045.191
438065135.000	1082.927
438065145.000	1119.836
438065155.000	1153.282
438065165.000	1185.724
438065175.000	1217.043
438065185.000	1249.543
438065195.000	1273.540
438065206.000	1296.250
438065215.000	1312.389
438065225.000	1325.540
438065235.000	1327.114
438065245.000	1323.627
438065255.000	1314.510
438065266.000	1301.022
438065275.000	1286.623
438065285.000	1265.489
438065295.000	1238.924
438065305.000	1196.994
438065315.000	1150.605
438065325.000	1098.397
438065335.000	1054.391
438065346.000	1010.885
438065355.000	974.344
438065365.000	941.428
438065375.000	915.937
438065385.000	893.377
438065395.000	875.684
438065405.000	858.752
438065415.000	848.517
438065425.000	839.856
438065435.000	835.269
438065445.000	831.160
438065455.000	828.918
438065466.000	824.889
438065475.000	822.256
438065485.000	819.182
438065495.000	817.284
438065505.000	815.355
438065515.000	815.554
438065526.000	815.698
438065535.000	815.621
438065545.000	814.701
438065556.000	814.817
438065565.000	815.185
438065575.000	815.263
438065585.000	814.355
438065595.000	814.886
438065605.000	815.544
438065615.000	816.318
438065625.000	817.053
438065635.000	816.535
438065645.000	817.848
438065656.000	818.591
438065665.000	819.508
438065675.000	820.053
438065686.000	821.955
438065695.000	823.946
438065705.000	826.931
438065715.000	829.521
438065725.000	831.584
438065735.000	834.485
438065745.000	837.105
438065756.000	840.449
438065766.000	844.431
438065775.000	849.544
438065785.000	855.127
438065795.000	860.324
438065805.000	866.237
438065815.000	873.223
438065826.000	881.165
438065835.000	889.106
438065846.000	896.746
438065855.000	905.175
438065865.000	913.823
438065875.000	924.186
438065885.000	933.786
438065895.000	944.109
438065905.000	953.159
438065915.000	963.196
438065925.000	973.363
438065936.000	983.743
438065945.000	994.068
438065955.000	1003.209
438065966.000	1013.296
438065975.000	1022.841
438065985.000	1033.120
438065995.000	1040.504
438066005.000	1047.954
438066015.000	1056.880
438066026.000	1066.121
438066035.000	1075.228
438066045.000	1083.258
438066056.000	1091.828
438066065.000	1100.186
438066075.000	1107.493
438066086.000	1113.098
438066095.000	1117.129
438066105.000	1122.668
438066116.000	1127.692
438066125.000	1130.893
438066135.000	1131.864
438066145.000	1133.558
438066155.000	1135.953
438066165.000	1139.767
438066176.000	1141.440
438066185.000	1142.499
438066195.000	1144.394
438066206.000	1150.168
438066215.000	1157.999
438066225.000	1162.746
438066235.000	1166.063
438066245.000	1170.525
438066256.000	1176.090
438066265.000	1179.536
438066275.000	1182.836
438066286.000	1186.824
438066295.000	1193.303
438066305.000	1198.647
438066314.000	1202.519
438066325.000	1204.855
438066336.000	1209.536
438066345.000	1214.267
438066355.000	1219.343
438066365.000	1218.915
438066374.000	1206.789
438066385.000	1176.568
438066396.000	1149.038
438066405.000	1130.890
438066415.000	1130.205
438066425.000	1133.254
438066435.000	1138.719
438066445.000	1147.126
438066455.000	1154.969
438066465.000	1163.641
438066475.000	1175.224
438066486.000	1186.804
438066495.000	1199.770
438066505.000	1223.437
438066516.000	1244.655
438066525.000	1242.367
438066535.000	1228.796
438066544.000	1217.378
438066555.000	1213.573
438066565.000	1208.817
438066575.000	1199.913
438066585.000	1195.328
438066595.000	1190.741
438066605.000	1182.853
438066615.000	1187.403
438066626.000	1185.696
438066635.000	1192.583
438066645.000	1189.860
438066655.000	1193.591
438066665.000	1192.396
438066675.000	1197.779
438066685.000	1204.747
438066695.000	1212.093
438066705.000	1219.460
438066715.000	1225.173
438066725.000	1231.390
438066735.000	1240.401
438066745.000	1254.826
438066755.000	1271.845
438066766.000	1284.752
438066775.000	1296.695
438066785.000	0.000
WeldID:	2661	WeldType nr:	3	WeldError	0	RincoStatus:	0x0	WeldEnd:	0x4	DisplAfterWeld:0.320	DisplAfterCool:0.430	FrameNumber: 10	StringerNumber: 11	SpotNumber: 04
438142005.000	0.000
438142006.000	29.238
438142015.000	72.603
438142026.000	128.023
438142035.000	173.199
438142045.000	231.577
438142056.000	290.697
438142065.000	335.237
438142075.000	366.510
438142086.000	390.652
438142095.000	413.663
438142105.000	436.476
438142116.000	457.408
438142126.000	480.208
438142135.000	499.218
438142146.000	518.398
438142155.000	534.156
438142166.000	547.896
438142176.000	558.790
438142185.000	569.988
438142195.000	581.254
438142206.000	591.493
438142215.000	601.134
438142225.000	610.280
438142236.000	619.746
438142245.000	629.649
438142256.000	639.040
438142266.000	646.455
438142275.000	654.261
438142285.000	660.829
438142296.000	668.066
438142305.000	674.461
438142315.000	680.951
438142326.000	689.627
438142335.000	698.322
438142346.000	706.981
438142355.000	715.777
438142365.000	725.640
438142375.000	735.077
438142386.000	743.224
438142395.000	752.942
438142405.000	759.009
438142416.000	767.167
438142425.000	773.015
438142436.000	780.543
438142445.000	785.632
438142456.000	788.534
438142466.000	791.852
438142475.000	794.416
438142486.000	796.930
438142495.000	796.694
438142506.000	798.782
438142515.000	801.336
438142525.000	805.088
438142536.000	808.153
438142545.000	811.761
438142556.000	814.841
438142566.000	817.650
438142575.000	819.380
438142585.000	820.570
438142595.000	824.679
438142605.000	829.578
438142616.000	834.283
438142625.000	837.104
438142636.000	840.003
438142646.000	842.060
438142655.000	844.366
438142665.000	846.724
438142676.000	848.507
438142685.000	851.839
438142695.000	855.378
438142706.000	859.694
438142715.000	864.667
438142726.000	868.847
438142736.000	874.061
438142745.000	879.275
438142756.000	884.374
438142766.000	888.150
438142775.000	891.227
438142786.000	894.171
438142795.000	898.089
438142805.000	902.842
438142816.000	906.174
438142825.000	908.779
438142835.000	911.300
438142845.000	913.846
438142855.000	916.968
438142865.000	917.968
438142876.000	921.519
438142885.000	924.572
438142895.000	929.955
438142906.000	933.161
438142915.000	935.799
438142925.000	938.084
438142936.000	942.067
438142945.000	945.178
438142955.000	946.225
438142966.000	947.221
438142975.000	949.030
438142985.000	950.153
438142996.000	951.568
438143005.000	952.019
438143015.000	954.516
438143026.000	956.840
438143035.000	959.727
438143046.000	961.030
438143056.000	963.242
438143065.000	967.235
438143076.000	971.445
438143085.000	975.846
438143095.000	977.739
438143106.000	980.713
438143115.000	982.443
438143125.000	984.969
438143135.000	987.084
438143146.000	988.858
438143155.000	991.932
438143165.000	994.759
438143176.000	998.087
438143185.000	998.002
438143195.000	998.945
438143206.000	1001.392
438143215.000	1005.011
438143226.000	1008.172
438143236.000	1008.357
438143245.000	1009.041
438143255.000	1008.891
438143266.000	1009.571
438143275.000	1010.455
438143285.000	1010.377
438143296.000	1011.673
438143305.000	1012.910
438143315.000	1015.393
438143326.000	1016.263
438143335.000	1017.811
438143345.000	1017.804
438143356.000	1019.722
438143365.000	1019.445
438143375.000	1019.969
438143386.000	1020.642
438143395.000	1021.323
438143405.000	1022.134
438143416.000	1021.429
438143425.000	1022.013
438143435.000	1024.625
438143446.000	1026.930
438143455.000	1027.996
438143466.000	1027.726
438143476.000	1030.082
438143485.000	1032.711
438143495.000	1036.028
438143506.000	1037.823
438143515.000	1038.178
438143525.000	1039.345
438143536.000	1040.856
438143545.000	1043.983
438143555.000	1046.359
438143566.000	1048.724
438143575.000	1052.245
438143586.000	1055.302
438143596.000	1057.484
438143605.000	1057.484
438143706.000	0.000
