WeldID:	2326	WeldType nr:	1	WeldError	0	RincoStatus:	0x0	WeldEnd:	0x4	DisplAfterWeld:0.480	DisplAfterCool:0.570	FrameNumber: 08	StringerNumber: 05	SpotNumber: 02
21320504.000	0.000
21320506.000	43.439
21320514.000	133.412
21320525.000	255.346
21320534.000	390.318
21320545.000	539.002
21320555.000	686.008
21320564.000	795.540
21320575.000	871.465
21320585.000	914.641
21320594.000	954.862
21320604.000	988.993
21320615.000	1021.133
21320624.000	1046.161
21320635.000	1068.772
21320644.000	1087.094
21320654.000	1102.645
21320665.000	1116.768
21320674.000	1128.427
21320685.000	1142.475
21320695.000	1153.978
21320704.000	1163.309
21320714.000	1169.214
21320725.000	1171.720
21320734.000	1176.297
21320745.000	1180.804
21320755.000	1186.389
21320764.000	1190.679
21320775.000	1192.812
21320784.000	1191.981
21320794.000	1190.770
21320805.000	1191.770
21320815.000	1191.620
21320824.000	1192.168
21320834.000	1191.241
21320845.000	1191.799
21320854.000	1192.728
21320865.000	1191.218
21320875.000	1189.151
21320884.000	1184.173
21320895.000	1180.214
21320905.000	1174.670
21320915.000	1171.494
21320925.000	1165.847
21320935.000	1162.775
21320944.000	1158.335
21320954.000	1153.682
21320965.000	1149.674
21320974.000	1146.062
21320984.000	1143.923
21320995.000	1140.838
21321004.000	1139.002
21321015.000	1135.431
21321024.000	1131.171
21321034.000	1128.693
21321045.000	1125.308
21321055.000	1122.918
21321064.000	1117.225
21321075.000	1114.154
21321085.000	1109.258
21321094.000	1105.465
21321105.000	1098.884
21321115.000	1092.209
21321124.000	1086.781
21321134.000	1080.396
21321145.000	1074.344
21321154.000	1067.061
21321165.000	1058.967
21321175.000	1052.456
21321184.000	1044.925
21321195.000	1037.587
21321204.000	1027.984
21321215.000	1020.113
21321224.000	1012.557
21321235.000	1005.613
21321244.000	999.578
21321255.000	993.994
21321265.000	990.636
21321274.000	987.876
21321285.000	987.478
21321295.000	985.466
21321304.000	987.119
21321314.000	990.084
21321325.000	996.308
21321334.000	1002.723
21321345.000	1010.968
21321355.000	1022.193
21321364.000	1035.282
21321375.000	1050.875
21321385.000	1058.137
21321394.000	1074.814
21321405.000	1093.125
21321414.000	1119.643
21321424.000	1137.882
21321435.000	1156.919
21321444.000	1176.285
21321455.000	1196.006
21321465.000	1214.710
21321474.000	1233.530
21321484.000	1252.966
21321495.000	1272.112
21321504.000	1289.709
21321514.000	1304.273
21321525.000	1317.036
21321534.000	1330.192
21321545.000	1343.579
21321555.000	1356.285
21321564.000	1367.355
21321574.000	1376.617
21321584.000	1389.520
21321594.000	1400.749
21321605.000	1410.616
21321614.000	1415.829
21321624.000	1420.986
21321635.000	1425.914
21321644.000	1427.866
21321654.000	1429.674
21321665.000	1427.755
21321674.000	1428.559
21321685.000	1428.094
21321695.000	1426.387
21321705.000	1422.917
21321714.000	1418.980
21321725.000	1418.949
21321735.000	1416.451
21321744.000	1414.213
21321755.000	1409.040
21321764.000	1405.963
21321774.000	1403.303
21321784.000	1401.574
21321794.000	1398.061
21321805.000	1392.055
21321815.000	1390.766
21321824.000	1387.693
21321834.000	1385.320
21321844.000	1381.285
21321854.000	1377.986
21321864.000	1375.816
21321875.000	1370.210
21321884.000	1364.152
21321894.000	1356.232
21321905.000	1351.738
21321914.000	1345.890
21321924.000	1340.489
21321935.000	1332.747
21321945.000	1328.224
21321954.000	1325.079
21321965.000	1323.591
21321975.000	1320.026
21321984.000	1316.066
21321995.000	1314.241
21322004.000	1313.011
21322015.000	1315.557
21322025.000	1315.638
21322034.000	1315.446
21322044.000	1315.446
21322145.000	0.000
WeldID:	2327	WeldType nr:	1	WeldError	0	RincoStatus:	0x0	WeldEnd:	0x4	DisplAfterWeld:0.908	DisplAfterCool:1.030	FrameNumber: 08	StringerNumber: 05	SpotNumber: 02
21410505.000	0.000
21410506.000	45.361
21410515.000	130.909
21410525.000	259.495
21410534.000	395.656
21410545.000	552.347
21410555.000	707.408
21410565.000	838.996
21410575.000	923.396
21410584.000	972.389
21410595.000	1011.915
21410605.000	1041.764
21410614.000	1076.826
21410625.000	1115.367
21410635.000	1155.174
21410645.000	1184.850
21410654.000	1205.285
21410665.000	1225.078
21410675.000	1241.544
21410684.000	1261.369
21410695.000	1276.769
21410705.000	1294.714
21410715.000	1312.512
21410725.000	1331.645
21410734.000	1349.863
21410745.000	1366.588
21410755.000	1388.949
21410764.000	1411.866
21410775.000	1438.770
21410785.000	1461.679
21410795.000	1481.715
21410805.000	1497.509
21410815.000	1512.219
21410825.000	1525.086
21410835.000	1532.193
21410845.000	1534.324
21410854.000	1533.818
21410865.000	1534.087
21410875.000	1532.405
21410885.000	1527.740
21410895.000	1526.859
21410904.000	1525.521
21410914.000	1525.353
21410925.000	1521.996
21410934.000	1520.227
21410945.000	1522.463
21410955.000	1526.794
21410964.000	1532.379
21410975.000	1536.935
21410985.000	1546.156
21410994.000	1557.138
21411005.000	1569.066
21411015.000	1576.598
21411025.000	1584.748
21411035.000	1594.595
21411045.000	1605.450
21411054.000	1614.053
21411065.000	1621.314
21411075.000	1629.469
21411084.000	1637.382
21411095.000	1643.137
21411104.000	1648.621
21411114.000	1652.403
21411124.000	1662.245
21411135.000	1670.343
21411144.000	1677.573
21411155.000	1680.664
21411165.000	1683.107
21411175.000	1688.774
21411185.000	1694.750
21411194.000	1698.926
21411205.000	1697.317
21411215.000	1697.909
21411224.000	1698.259
21411235.000	1702.570
21411245.000	1702.572
21411254.000	1700.562
21411264.000	1697.615
21411275.000	1696.438
21411285.000	1696.665
21411294.000	1692.656
21411305.000	1690.310
21411314.000	1689.110
21411325.000	1687.115
21411335.000	1685.141
21411344.000	1679.246
21411355.000	1677.428
21411364.000	1672.917
21411375.000	1674.112
21411385.000	1669.785
21411395.000	1667.633
21411405.000	1665.799
21411415.000	1665.460
21411424.000	1663.726
21411434.000	1661.484
21411445.000	1661.952
21411454.000	1660.541
21411465.000	1660.666
21411475.000	1658.678
21411484.000	1658.267
21411494.000	1660.063
21411505.000	1660.138
21411515.000	1660.363
21411525.000	1655.936
21411535.000	1657.406
21411544.000	1656.244
21411554.000	1658.963
21411565.000	1656.632
21411574.000	1654.336
21411585.000	1655.015
21411595.000	1658.020
21411604.000	1663.400
21411615.000	1665.191
21411625.000	1679.782
21411634.000	1691.347
21411645.000	1697.698
21411655.000	1693.363
21411664.000	1689.919
21411675.000	1700.252
21411685.000	1711.547
21411694.000	1717.888
21411705.000	1713.707
21411715.000	1709.602
21411724.000	1712.333
21411735.000	1717.817
21411744.000	1722.707
21411755.000	1722.970
21411765.000	1727.315
21411774.000	1729.125
21411784.000	1734.427
21411795.000	1733.782
21411804.000	1730.433
21411815.000	1725.708
21411825.000	1720.584
21411834.000	1711.131
21411845.000	1694.335
21411855.000	1676.532
21411864.000	1657.063
21411875.000	1633.983
21411885.000	1603.922
21411895.000	1575.731
21411905.000	1561.186
21411914.000	1551.705
21411924.000	1543.911
21411935.000	1531.341
21411944.000	1517.463
21411955.000	1506.314
21411965.000	1498.440
21411974.000	1491.563
21411985.000	1484.587
21411995.000	1484.458
21412004.000	1486.533
21412015.000	1490.804
21412024.000	1492.545
21412034.000	1493.133
21412045.000	1496.270
21412055.000	1498.481
21412064.000	1502.623
21412075.000	1504.947
21412084.000	1508.398
21412094.000	1504.462
21412105.000	1497.497
21412114.000	1480.821
21412125.000	1462.542
21412135.000	1443.135
21412144.000	1421.684
21412155.000	0.000
