WeldID:	2115	WeldType nr:	3	WeldError	0	RincoStatus:	0x0	WeldEnd:	0x4	DisplAfterWeld:0.610	DisplAfterCool:0.680	FrameNumber: 07	StringerNumber: 11	SpotNumber: 03
22328005.000	0.000
22328006.000	29.391
22328015.000	72.788
22328026.000	131.413
22328035.000	179.636
22328045.000	240.552
22328055.000	294.529
22328065.000	334.289
22328075.000	359.187
22328086.000	376.217
22328095.000	394.500
22328105.000	415.714
22328116.000	434.976
22328125.000	451.291
22328135.000	466.065
22328145.000	476.715
22328155.000	488.649
22328165.000	502.178
22328175.000	518.135
22328185.000	533.901
22328195.000	543.353
22328205.000	549.307
22328215.000	556.131
22328225.000	562.954
22328235.000	570.337
22328245.000	577.568
22328256.000	583.393
22328265.000	590.082
22328275.000	593.440
22328285.000	597.637
22328295.000	600.220
22328305.000	601.650
22328315.000	605.051
22328325.000	606.566
22328335.000	611.383
22328345.000	613.984
22328355.000	618.466
22328365.000	619.543
22328375.000	621.329
22328385.000	619.917
22328395.000	618.119
22328405.000	617.849
22328415.000	615.907
22328425.000	616.999
22328435.000	615.969
22328446.000	614.601
22328455.000	615.480
22328465.000	613.898
22328475.000	615.177
22328485.000	613.534
22328496.000	612.637
22328505.000	613.145
22328515.000	612.652
22328525.000	614.724
22328535.000	615.400
22328545.000	615.148
22328555.000	615.484
22328566.000	617.253
22328575.000	617.719
22328585.000	617.560
22328596.000	617.786
22328605.000	617.600
22328615.000	620.334
22328624.000	620.853
22328635.000	620.727
22328645.000	623.020
22328656.000	623.627
22328665.000	626.136
22328675.000	626.532
22328686.000	628.928
22328695.000	629.266
22328705.000	631.820
22328714.000	633.187
22328725.000	634.735
22328735.000	639.396
22328744.000	642.139
22328755.000	647.303
22328765.000	650.259
22328776.000	655.093
22328785.000	658.455
22328795.000	662.733
22328805.000	665.434
22328816.000	667.813
22328825.000	672.290
22328835.000	675.730
22328846.000	680.502
22328855.000	683.881
22328865.000	686.382
22328876.000	690.558
22328885.000	694.771
22328895.000	698.433
22328905.000	702.151
22328916.000	708.091
22328925.000	712.821
22328935.000	719.203
22328945.000	724.193
22328955.000	729.240
22328965.000	736.752
22328976.000	742.229
22328985.000	749.227
22328995.000	754.148
22329004.000	757.135
22329015.000	759.211
22329025.000	763.186
22329036.000	767.375
22329045.000	771.378
22329055.000	776.117
22329065.000	781.572
22329075.000	787.457
22329085.000	793.337
22329095.000	796.687
22329105.000	801.298
22329115.000	803.423
22329125.000	809.232
22329135.000	812.953
22329145.000	818.866
22329155.000	823.541
22329165.000	828.938
22329175.000	831.959
22329185.000	833.165
22329195.000	836.877
22329206.000	840.673
22329215.000	841.752
22329225.000	843.915
22329235.000	844.937
22329245.000	847.982
22329255.000	852.013
22329266.000	855.198
22329275.000	856.899
22329285.000	859.322
22329295.000	863.992
22329304.000	865.573
22329315.000	866.251
22329326.000	866.119
22329335.000	868.321
22329345.000	869.643
22329355.000	872.051
22329364.000	872.712
22329375.000	877.473
22329385.000	878.707
22329395.000	879.357
22329405.000	877.890
22329415.000	876.662
22329425.000	879.403
22329435.000	879.843
22329445.000	880.539
22329455.000	881.489
22329465.000	882.636
22329476.000	883.906
22329485.000	884.435
22329495.000	885.855
22329505.000	885.833
22329515.000	886.843
22329525.000	887.139
22329535.000	886.927
22329545.000	887.414
22329555.000	887.414
22329656.000	0.000
WeldID:	2119	WeldType nr:	3	WeldError	0	RincoStatus:	0x0	WeldEnd:	0x4	DisplAfterWeld:1.220	DisplAfterCool:1.401	FrameNumber: 07	StringerNumber: 11	SpotNumber: 03
22756505.000	0.000
22756506.000	36.670
22756515.000	109.021
22756526.000	213.577
22756535.000	324.387
22756545.000	466.098
22756556.000	630.878
22756565.000	781.622
22756576.000	920.587
22756586.000	1034.009
22756595.000	1135.469
22756605.000	1214.833
22756615.000	1277.100
22756625.000	1322.813
22756636.000	1360.173
22756645.000	1385.218
22756655.000	1399.304
22756665.000	1404.502
22756675.000	1400.043
22756685.000	1392.242
22756695.000	1382.117
22756705.000	1377.038
22756715.000	1375.028
22756726.000	1378.616
22756735.000	1382.955
22756745.000	1383.079
22756755.000	1380.507
22756765.000	1370.454
22756775.000	1354.909
22756785.000	1339.639
22756795.000	1319.295
22756805.000	1298.205
22756816.000	1275.347
22756825.000	1261.331
22756835.000	1250.079
22756846.000	1241.969
22756855.000	1230.000
22756865.000	1217.691
22756876.000	1201.309
22756885.000	1188.569
22756896.000	1177.800
22756905.000	1169.445
22756915.000	1159.995
22756925.000	1150.135
22756935.000	1140.654
22756945.000	1132.313
22756956.000	1123.756
22756965.000	1113.499
22756975.000	1105.490
22756985.000	1098.502
22756995.000	1092.058
22757005.000	1084.125
22757016.000	1074.723
22757025.000	1068.244
22757035.000	1062.173
22757046.000	1056.941
22757055.000	1052.563
22757065.000	1049.843
22757076.000	1049.075
22757084.000	1046.917
22757095.000	1043.382
22757105.000	1038.175
22757116.000	1034.565
22757125.000	1031.643
22757135.000	1028.142
22757146.000	1024.872
22757155.000	1019.071
22757165.000	1018.350
22757175.000	1015.774
22757185.000	1013.782
22757195.000	1009.287
22757206.000	1006.383
22757215.000	1007.547
22757225.000	1007.585
22757234.000	1009.931
22757245.000	1008.805
22757256.000	1010.049
22757265.000	1009.585
22757275.000	1009.855
22757286.000	1007.698
22757295.000	1007.162
22757305.000	1011.466
22757315.000	1016.731
22757325.000	1019.146
22757335.000	1017.180
22757346.000	1017.587
22757355.000	1020.937
22757365.000	1026.702
22757375.000	1031.520
22757385.000	1034.632
22757395.000	1037.717
22757406.000	1042.959
22757415.000	1049.296
22757426.000	1055.063
22757435.000	1058.146
22757445.000	1060.834
22757455.000	1064.503
22757465.000	1068.522
22757475.000	1070.058
22757485.000	1072.834
22757496.000	1076.681
22757505.000	1081.429
22757515.000	1083.225
22757525.000	1081.304
22757535.000	1080.121
22757545.000	1079.222
22757556.000	1077.976
22757565.000	1074.546
22757575.000	1069.831
22757586.000	1066.053
22757595.000	1061.609
22757605.000	1059.768
22757616.000	1052.989
22757625.000	1049.322
22757635.000	1045.117
22757645.000	1045.247
22757655.000	1045.109
22757665.000	1045.297
22757675.000	1045.754
22757685.000	1045.526
22757695.000	1046.699
22757706.000	1044.172
22757715.000	1043.194
22757725.000	1041.692
22757735.000	1042.105
22757745.000	1039.823
22757755.000	1036.015
22757766.000	1034.362
22757775.000	1032.679
22757785.000	1032.372
22757794.000	1030.505
22757805.000	1030.984
22757815.000	1035.588
22757826.000	1044.557
22757835.000	1052.378
22757845.000	1053.899
22757855.000	1056.536
22757865.000	1059.472
22757875.000	1064.170
22757886.000	1066.252
22757895.000	1068.768
22757905.000	1072.868
22757916.000	1071.461
22757925.000	1068.782
22757935.000	1062.735
22757945.000	1061.233
22757955.000	1059.690
22757965.000	1060.835
22757976.000	1060.990
22757985.000	1060.999
22757995.000	1064.960
22758006.000	1068.229
22758015.000	1070.551
22758025.000	1068.726
22758036.000	1067.036
22758045.000	1067.177
22758055.000	0.000
