WeldID:	2441	WeldType nr:	2	WeldError	0	RincoStatus:	0x0	WeldEnd:	0x4	DisplAfterWeld:1.050	DisplAfterCool:1.230	FrameNumber: 04	StringerNumber: 10	SpotNumber: 03
98374004.000	0.000
98374005.000	27.542
98374014.000	68.266
98374025.000	117.847
98374035.000	160.913
98374044.000	212.072
98374055.000	261.455
98374065.000	297.423
98374074.000	316.833
98374085.000	328.384
98374095.000	339.131
98374104.000	350.126
98374115.000	361.456
98374125.000	372.323
98374135.000	381.963
98374145.000	390.659
98374154.000	399.832
98374164.000	407.704
98374175.000	414.498
98374184.000	419.498
98374195.000	425.921
98374205.000	432.335
98374214.000	439.981
98374225.000	445.369
98374235.000	450.918
98374244.000	453.729
98374255.000	457.440
98374265.000	460.397
98374274.000	462.665
98374285.000	462.904
98374295.000	463.560
98374304.000	464.731
98374315.000	468.054
98374324.000	470.885
98374334.000	473.865
98374345.000	476.210
98374355.000	480.445
98374364.000	484.328
98374375.000	488.465
98374385.000	491.540
98374394.000	494.745
98374405.000	499.305
98374415.000	504.119
98374424.000	508.084
98374435.000	510.217
98374444.000	513.091
98374455.000	515.867
98374464.000	520.509
98374475.000	524.018
98374484.000	526.649
98374495.000	529.643
98374504.000	530.477
98374514.000	532.288
98374525.000	533.024
98374534.000	533.689
98374545.000	533.463
98374555.000	532.519
98374564.000	533.294
98374574.000	533.767
98374585.000	536.595
98374595.000	539.521
98374604.000	545.868
98374615.000	551.292
98374625.000	555.699
98374634.000	558.581
98374645.000	561.982
98374654.000	565.011
98374664.000	565.677
98374675.000	565.542
98374685.000	563.855
98374695.000	563.768
98374705.000	562.747
98374714.000	562.952
98374724.000	563.487
98374735.000	564.197
98374744.000	565.479
98374755.000	565.740
98374765.000	567.293
98374774.000	568.208
98374784.000	568.788
98374794.000	569.298
98374804.000	568.386
98374815.000	568.933
98374825.000	567.167
98374834.000	568.521
98374844.000	567.742
98374855.000	567.913
98374865.000	567.685
98374874.000	567.099
98374885.000	567.825
98374895.000	566.782
98374904.000	566.581
98374915.000	565.168
98374925.000	563.239
98374934.000	561.788
98374945.000	559.729
98374954.000	559.118
98374965.000	558.740
98374974.000	558.982
98374985.000	558.522
98374994.000	558.007
98375005.000	557.903
98375015.000	558.382
98375024.000	558.190
98375034.000	557.539
98375045.000	556.757
98375054.000	557.281
98375064.000	557.637
98375075.000	557.452
98375084.000	556.499
98375094.000	556.955
98375105.000	557.325
98375114.000	557.914
98375124.000	556.880
98375135.000	557.057
98375144.000	556.413
98375155.000	556.185
98375165.000	555.836
98375174.000	555.892
98375185.000	556.170
98375195.000	556.375
98375204.000	557.339
98375215.000	557.593
98375224.000	558.512
98375235.000	558.840
98375245.000	559.729
98375254.000	560.014
98375264.000	559.185
98375274.000	559.254
98375285.000	558.843
98375294.000	558.585
98375305.000	557.921
98375314.000	556.632
98375324.000	557.309
98375335.000	558.817
98375344.000	559.864
98375354.000	559.361
98375365.000	558.456
98375374.000	558.149
98375384.000	559.056
98375395.000	558.355
98375404.000	557.448
98375414.000	557.795
98375425.000	557.751
98375434.000	558.480
98375444.000	558.085
98375455.000	557.875
98375464.000	558.501
98375474.000	558.911
98375485.000	559.788
98375494.000	559.487
98375505.000	559.868
98375514.000	560.887
98375524.000	561.923
98375535.000	561.759
98375544.000	561.235
98375554.000	561.687
98375565.000	561.801
98375574.000	562.374
98375585.000	563.011
98375595.000	563.011
98375695.000	0.000
WeldID:	2443	WeldType nr:	2	WeldError	0	RincoStatus:	0x0	WeldEnd:	0x4	DisplAfterWeld:0.350	DisplAfterCool:0.450	FrameNumber: 04	StringerNumber: 10	SpotNumber: 03
98498004.000	0.000
98498006.000	45.683
98498014.000	128.223
98498024.000	241.624
98498035.000	345.576
98498044.000	449.506
98498055.000	549.408
98498065.000	629.026
98498074.000	686.909
98498085.000	717.893
98498095.000	747.814
98498104.000	774.792
98498115.000	805.964
98498125.000	835.450
98498134.000	860.016
98498144.000	884.025
98498155.000	905.331
98498164.000	935.225
98498175.000	959.652
98498185.000	981.584
98498195.000	999.422
98498205.000	1014.490
98498215.000	1019.960
98498224.000	1025.653
98498235.000	1028.509
98498245.000	1034.773
98498254.000	1038.774
98498265.000	1045.328
98498275.000	1051.362
98498284.000	1053.439
98498295.000	1057.444
98498305.000	1063.119
98498314.000	1070.044
98498325.000	1077.201
98498335.000	1082.755
98498344.000	1088.526
98498355.000	1091.739
98498365.000	1096.880
98498375.000	1099.194
98498385.000	1104.893
98498394.000	1106.558
98498405.000	1108.572
98498415.000	1100.638
98498424.000	1093.672
98498434.000	1084.476
98498445.000	1077.987
98498454.000	1071.126
98498465.000	1064.968
98498474.000	1057.159
98498485.000	1052.127
98498495.000	1045.825
98498504.000	1040.954
98498515.000	1032.222
98498525.000	1024.611
98498534.000	1013.373
98498545.000	1006.685
98498555.000	998.365
98498565.000	993.730
98498574.000	986.206
98498585.000	981.505
98498594.000	975.325
98498604.000	967.664
98498615.000	961.359
98498624.000	956.238
98498635.000	953.700
98498645.000	949.742
98498654.000	947.332
98498665.000	946.835
98498675.000	947.147
98498684.000	946.395
98498695.000	945.989
98498705.000	946.181
98498715.000	942.512
98498725.000	941.682
98498734.000	939.433
98498745.000	939.806
98498755.000	939.039
98498764.000	940.388
98498774.000	938.883
98498785.000	939.048
98498794.000	936.469
98498805.000	937.468
98498815.000	935.552
98498824.000	936.202
98498835.000	935.015
98498845.000	933.867
98498854.000	934.180
98498865.000	932.984
98498874.000	934.586
98498884.000	933.378
98498895.000	935.435
98498904.000	932.934
98498915.000	931.076
98498925.000	926.228
98498934.000	924.214
98498945.000	927.734
98498955.000	930.608
98498964.000	934.778
98498975.000	935.626
98498985.000	938.253
98498994.000	936.937
98499005.000	940.284
98499014.000	941.418
98499024.000	942.174
98499035.000	943.570
98499044.000	944.798
98499054.000	944.902
98499065.000	942.948
98499074.000	943.819
98499084.000	941.674
98499095.000	944.601
98499104.000	944.626
98499115.000	948.966
98499125.000	950.343
98499134.000	955.042
98499144.000	957.704
98499155.000	962.462
98499164.000	966.507
98499175.000	973.509
98499185.000	979.672
98499194.000	987.096
98499205.000	993.289
98499214.000	999.633
98499224.000	1006.860
98499235.000	1014.138
98499244.000	1017.629
98499254.000	1022.543
98499265.000	1027.449
98499274.000	1030.268
98499285.000	1035.585
98499295.000	1038.560
98499304.000	1045.355
98499315.000	1048.958
98499324.000	1056.169
98499334.000	1060.323
98499345.000	1063.991
98499355.000	1068.937
98499364.000	1070.672
98499374.000	1068.013
98499385.000	1066.564
98499394.000	1072.363
98499404.000	1078.887
98499415.000	1086.712
98499424.000	1089.429
98499435.000	1091.987
98499445.000	1100.829
98499455.000	1108.104
98499465.000	1113.754
98499474.000	1116.891
98499485.000	1125.814
98499495.000	1132.189
98499505.000	1140.976
98499515.000	1147.891
98499525.000	1153.737
98499534.000	1160.088
98499545.000	1170.289
98499555.000	1178.122
98499564.000	1186.265
98499575.000	1190.606
98499585.000	1193.729
98499594.000	1196.138
98499605.000	0.000
